50 141
1 33
1 4
1 5
1 7
1 8
1 9
1 11
1 13
1 14
1 47
1 17
1 50
1 20
1 22
1 27
1 28
1 31
2 4
2 5
2 6
2 7
2 15
2 48
2 19
2 21
2 37
2 39
3 4
3 46
3 16
4 5
4 6
4 33
4 9
4 10
4 11
4 14
4 15
4 16
4 50
4 20
4 21
4 42
4 38
5 37
5 6
5 8
5 9
5 10
5 12
5 46
5 48
5 49
5 18
5 20
5 22
5 44
5 27
5 31
6 7
6 8
6 10
6 43
6 15
6 42
6 24
6 32
7 34
7 12
7 13
7 14
7 16
7 17
7 19
7 25
7 28
7 32
8 40
8 11
8 13
8 18
8 43
8 29
8 30
10 33
10 34
10 35
10 12
10 24
10 25
11 21
11 39
12 40
12 44
12 27
13 17
13 29
14 41
14 45
14 48
14 18
14 19
14 22
14 23
15 35
15 34
15 44
15 23
15 38
16 45
16 37
17 36
18 25
18 23
19 35
20 26
20 42
21 26
22 40
22 30
23 47
23 49
23 24
23 28
24 41
24 43
24 26
24 29
24 30
24 38
27 36
27 39
27 50
29 41
30 32
30 31
31 36
35 47
36 45
40 46
47 49
