1000 3000
1 2
1 3
1 4
1 998
1 999
1 1000
1 439
2 999
2 368
2 114
2 567
2 861
3 65
3 4
3 5
3 1000
3 917
4 6
4 235
4 881
4 116
5 6
5 7
5 200
6 7
6 8
6 9
6 650
7 9
7 10
7 146
8 770
8 9
8 270
8 678
9 11
9 12
9 237
9 725
10 11
10 12
10 13
10 977
11 12
11 14
11 234
12 13
12 14
12 15
13 610
13 172
13 14
13 15
13 816
14 355
14 550
14 17
14 374
14 669
15 16
15 17
15 18
16 18
16 19
16 303
16 927
17 18
17 19
17 20
17 184
18 20
18 21
18 437
19 354
19 692
19 20
19 21
20 21
20 22
20 23
21 524
21 22
21 444
22 23
22 24
22 25
23 43
23 500
23 24
23 26
24 25
24 26
24 27
25 806
25 27
25 28
25 310
26 201
26 28
26 29
27 318
27 84
27 150
27 29
28 345
28 30
28 31
29 30
29 31
29 32
30 33
30 192
30 32
31 33
31 807
31 522
32 33
32 35
32 888
33 34
33 35
33 36
34 35
34 36
34 37
35 432
35 857
35 378
35 381
35 351
36 38
36 39
36 493
37 38
37 40
37 182
38 39
38 40
38 41
38 400
38 793
39 195
39 40
39 42
39 688
40 296
40 42
40 43
40 334
40 953
41 484
41 522
41 43
41 44
41 431
42 43
42 44
42 45
43 737
43 44
43 626
44 45
44 46
44 47
45 46
45 47
45 48
45 266
45 956
46 460
46 47
46 48
46 49
47 331
47 368
47 824
47 447
48 49
48 50
48 51
49 50
49 52
49 405
49 671
50 644
50 51
50 52
50 53
51 424
51 393
51 248
51 883
51 52
51 312
51 412
52 833
52 53
52 55
52 924
53 289
53 54
53 55
54 946
54 55
54 56
54 57
55 396
55 275
55 56
55 57
55 58
56 453
56 111
56 57
56 58
56 59
57 648
57 1000
57 751
58 271
58 979
58 61
59 393
59 241
59 61
59 62
60 61
60 62
60 63
61 380
61 713
61 63
61 64
62 65
62 633
62 63
62 64
63 65
63 66
63 740
64 65
64 67
64 355
65 68
65 970
65 370
65 822
66 68
66 69
66 336
67 68
67 69
67 76
67 849
68 70
68 395
68 153
68 159
69 71
69 387
69 956
70 71
70 73
70 690
71 72
71 73
71 74
71 555
71 123
72 73
72 74
72 75
72 79
72 597
72 736
73 930
73 74
73 76
74 75
74 76
74 77
74 759
75 76
75 77
75 78
75 960
76 673
76 775
76 639
77 963
77 78
77 79
78 80
78 81
78 413
79 514
79 334
79 81
80 334
80 81
80 83
80 820
81 82
81 84
81 848
82 83
82 84
82 85
83 554
83 85
83 474
83 253
84 481
84 85
84 86
84 87
85 714
85 87
85 88
86 609
86 272
86 409
86 87
86 88
86 89
86 410
87 107
87 88
87 89
88 769
88 741
88 89
88 91
89 325
89 135
89 843
89 120
89 91
89 92
89 416
90 132
90 329
90 635
90 156
90 93
91 92
91 93
91 94
92 93
92 94
92 95
93 347
93 94
93 191
93 96
94 97
94 95
94 96
95 98
95 325
95 564
95 96
96 98
96 99
96 471
97 98
97 99
97 100
98 99
98 101
98 744
98 906
99 100
99 101
99 102
99 969
100 101
100 102
100 103
100 634
101 613
101 102
101 103
101 104
101 402
102 103
102 104
102 965
103 104
103 105
103 106
103 527
103 478
104 105
104 106
104 877
104 114
104 954
104 923
105 107
105 108
105 967
106 901
106 617
106 108
106 109
106 990
107 524
107 717
107 110
107 627
108 492
108 109
108 110
108 111
109 110
109 112
109 757
110 111
110 112
110 113
111 521
111 113
111 183
112 113
112 114
112 115
112 188
113 115
113 116
113 149
113 475
113 368
114 584
114 750
114 379
115 713
115 370
115 116
115 117
115 543
116 737
116 771
116 297
117 118
117 120
117 992
118 119
118 120
118 121
118 189
119 120
119 121
119 122
120 121
120 123
121 122
121 123
121 124
122 290
122 898
122 466
122 124
123 312
123 216
123 380
124 641
124 680
124 717
125 805
125 126
125 127
126 129
126 127
126 128
127 129
127 925
127 128
128 129
128 130
128 131
129 130
129 131
129 132
130 131
130 841
130 470
131 132
131 133
131 555
131 542
132 133
132 135
133 134
133 142
133 795
133 382
134 135
134 136
134 137
135 136
135 137
135 138
136 138
136 653
136 694
136 666
137 642
137 138
137 139
137 975
138 162
138 300
138 864
139 140
139 141
139 142
140 141
140 142
140 143
141 142
141 143
141 144
142 241
142 143
142 145
142 438
142 631
142 785
143 226
143 144
143 145
143 146
144 145
144 146
144 147
145 644
145 146
145 147
146 147
146 148
146 149
147 769
147 148
147 149
147 150
148 210
148 716
148 531
148 150
148 466
149 151
149 152
149 959
150 303
150 151
150 152
150 153
151 867
151 403
151 153
151 154
152 164
152 153
152 155
153 156
153 189
154 536
154 155
154 157
155 521
155 853
155 157
155 158
156 460
156 786
156 159
157 260
157 650
157 159
157 160
158 161
158 986
158 699
158 159
159 162
159 944
159 248
159 923
159 160
160 161
160 198
160 168
160 267
161 162
161 164
161 218
161 507
162 163
162 164
162 165
163 165
163 166
163 310
163 446
164 165
164 166
164 167
165 166
165 368
165 597
166 167
166 169
166 271
166 752
167 707
167 168
167 169
167 170
167 773
168 169
168 171
169 388
169 170
169 171
169 172
169 248
170 237
170 171
170 172
170 173
171 929
171 172
171 974
171 617
172 175
172 755
173 581
173 174
173 176
173 380
174 773
174 175
174 176
174 177
174 638
175 176
175 177
175 178
175 272
175 925
176 177
176 178
176 279
177 178
177 179
177 180
178 179
178 180
178 477
179 530
179 180
179 182
180 289
180 579
180 183
181 183
181 184
181 763
182 183
182 184
182 185
183 486
183 775
183 184
183 186
184 547
184 185
184 187
184 672
185 186
185 187
185 188
186 187
186 188
186 189
187 766
187 827
187 188
187 189
187 190
188 189
188 191
189 688
189 191
189 192
190 778
190 408
190 543
190 192
191 194
191 895
191 192
192 194
192 195
192 688
193 194
193 195
193 196
193 962
193 751
194 195
194 196
194 197
195 197
195 198
196 197
196 199
196 941
197 199
197 200
197 556
197 851
197 855
198 199
198 200
198 466
198 438
199 200
199 202
199 363
200 713
200 202
200 203
201 202
201 203
201 204
202 204
202 297
202 763
202 672
203 426
203 204
203 205
204 205
204 206
204 207
205 206
205 207
205 208
206 590
206 208
206 209
206 400
207 208
207 209
207 400
208 902
208 210
208 211
208 537
209 331
209 210
209 211
209 212
210 211
210 212
210 213
211 212
211 213
211 758
212 213
212 214
212 215
212 666
212 701
213 215
213 216
213 224
214 357
214 235
214 216
215 930
215 548
215 666
215 216
216 580
216 410
216 219
217 218
217 219
217 220
218 386
218 401
218 220
218 221
219 759
219 220
219 221
219 222
220 908
220 591
220 569
220 222
221 222
221 223
221 224
222 901
222 811
222 223
222 224
223 226
223 579
223 224
224 225
224 514
224 227
224 806
224 564
224 761
225 227
225 228
225 266
225 853
226 228
226 307
227 228
227 229
227 230
227 479
228 229
228 230
228 231
229 554
229 848
229 733
230 231
230 232
230 233
231 232
231 233
231 234
231 817
232 233
232 436
232 821
232 252
233 300
233 234
233 236
233 562
234 237
234 726
234 928
235 385
235 245
235 952
236 237
236 238
236 239
236 503
237 238
237 240
237 538
238 239
238 241
238 695
239 623
239 240
239 241
239 242
240 241
240 243
240 668
241 242
241 244
241 379
242 243
242 244
242 245
242 629
243 244
243 245
243 246
244 388
244 245
244 247
245 554
245 246
245 248
246 247
246 248
246 249
247 453
247 335
247 248
247 249
247 893
249 343
249 468
249 250
249 827
250 664
250 442
250 252
250 253
251 701
251 253
251 832
252 344
252 254
252 255
253 428
253 307
253 254
253 256
254 257
254 255
254 256
255 257
255 258
255 256
256 257
256 258
256 391
256 770
256 393
257 260
257 342
257 854
258 259
258 260
258 261
258 895
258 792
259 260
259 261
259 262
259 383
260 261
260 262
260 263
261 263
261 264
261 649
262 263
262 264
262 265
263 264
263 265
263 742
264 266
264 668
264 454
265 804
265 266
265 267
265 268
266 679
266 269
266 750
266 989
266 992
267 423
267 872
267 268
267 269
268 269
268 270
268 271
269 270
269 271
269 494
269 595
270 430
270 272
270 691
270 731
271 805
271 619
271 273
271 274
271 469
272 274
273 391
273 274
273 275
273 276
274 275
274 276
274 277
274 989
275 276
275 277
275 859
276 277
276 278
276 279
277 451
277 278
277 279
278 279
278 280
278 281
279 613
279 364
279 281
279 282
280 646
280 775
280 281
280 283
281 455
281 298
281 282
281 283
282 283
282 284
282 285
283 451
283 284
283 285
283 286
284 333
284 285
284 286
285 854
285 286
285 288
286 289
286 287
286 288
287 290
287 755
287 800
287 288
288 289
288 290
288 291
288 699
289 291
289 292
289 780
289 479
290 292
290 741
290 295
290 890
290 318
291 292
291 294
291 647
291 435
292 293
292 294
292 295
293 295
293 296
293 855
294 295
294 296
294 297
294 907
295 297
295 298
296 297
296 298
296 299
297 298
297 300
297 718
297 842
298 299
298 300
298 585
299 300
299 301
299 302
299 370
299 434
299 382
300 581
300 301
300 341
301 302
301 430
301 667
302 961
302 303
302 304
302 305
303 304
303 306
303 474
304 424
304 306
304 567
305 306
305 307
305 308
306 307
306 308
306 309
307 309
307 310
308 785
308 309
308 310
308 311
309 910
309 310
309 311
309 312
310 837
310 332
310 995
310 311
310 928
311 428
311 312
311 314
312 600
312 313
312 314
312 315
313 848
313 375
313 415
314 315
314 316
314 317
315 715
315 316
315 317
316 612
316 317
316 318
316 319
317 318
317 319
317 320
318 321
319 322
319 660
319 320
320 323
320 362
320 694
320 919
321 323
321 324
321 734
322 324
322 325
322 757
323 325
323 326
323 528
324 326
324 688
324 798
325 327
326 327
326 328
326 329
327 328
327 329
327 330
328 330
328 331
328 983
329 330
329 332
329 783
330 331
330 333
330 596
330 600
331 334
331 461
332 333
332 334
332 335
333 813
333 974
333 335
333 879
334 705
335 358
335 336
335 338
335 438
336 643
336 337
336 338
336 339
336 761
336 636
337 338
337 339
337 340
338 590
338 339
338 340
338 341
339 900
339 340
339 342
340 341
340 342
340 800
341 515
341 343
341 344
342 621
342 441
342 345
343 483
343 584
343 723
343 345
343 346
344 932
344 347
344 639
345 655
345 347
345 348
346 347
346 348
346 349
347 521
347 348
347 349
347 350
348 526
348 350
348 351
349 350
349 351
349 352
350 353
350 955
350 351
350 352
351 354
351 352
352 353
352 354
352 355
352 865
352 622
353 801
353 354
353 356
354 355
354 356
354 357
355 356
355 357
355 358
355 551
356 357
356 358
356 359
356 703
357 358
357 359
357 360
358 360
358 985
358 506
359 360
359 361
359 822
359 699
360 361
360 362
360 727
360 698
361 362
361 363
361 364
362 460
362 365
362 948
363 966
363 364
363 365
363 366
364 367
364 465
365 366
365 367
365 368
365 630
366 367
366 369
366 892
367 485
367 681
367 369
367 370
368 369
368 371
368 603
369 370
369 371
369 372
370 373
370 911
370 696
371 452
371 372
371 373
371 374
372 373
372 374
372 375
372 376
373 612
373 374
373 375
373 376
374 375
374 376
375 376
375 377
375 378
375 885
376 436
376 377
376 378
377 535
377 982
377 379
377 380
378 379
378 380
378 381
379 380
379 381
380 383
381 392
381 978
381 382
381 383
381 384
382 385
382 410
382 907
382 384
383 385
383 686
383 657
384 385
384 386
384 387
385 386
385 388
385 908
385 670
385 437
386 387
386 463
387 389
387 390
387 914
388 390
388 391
389 390
389 391
389 392
389 511
390 391
390 392
390 827
391 394
391 651
391 691
392 393
392 394
394 395
394 396
394 563
395 997
395 396
395 980
396 397
396 398
396 532
397 399
397 400
397 698
398 399
398 400
398 401
399 400
399 401
399 402
400 616
400 402
400 574
401 523
401 403
402 403
402 405
403 404
403 406
404 523
404 978
404 405
404 407
405 407
405 408
406 551
406 407
406 408
406 409
407 408
407 409
407 410
408 557
408 409
408 411
409 572
409 946
409 660
409 533
409 410
409 412
409 991
410 413
411 412
411 413
411 414
412 413
412 414
412 415
413 414
413 415
413 416
414 417
414 415
414 416
415 417
415 418
415 678
415 818
416 417
416 418
416 457
417 419
417 420
417 852
417 855
418 419
418 932
418 681
418 747
418 703
419 643
419 421
419 422
419 668
420 421
420 422
420 423
420 976
421 423
421 424
421 815
421 477
422 423
422 424
422 425
422 829
423 425
423 426
423 912
424 427
424 985
424 651
425 426
425 427
425 572
426 427
426 428
426 491
426 704
427 428
427 429
427 430
427 744
428 430
428 431
429 449
429 431
429 432
430 963
430 431
430 433
431 432
431 434
431 602
431 794
431 638
432 707
432 467
432 434
432 917
433 465
433 435
433 825
434 941
434 437
435 436
435 437
435 438
435 704
436 839
436 437
436 438
437 527
437 439
437 440
438 440
438 441
439 440
439 441
440 545
440 442
440 443
441 838
441 442
441 989
442 443
442 444
442 445
443 888
443 723
443 445
443 446
444 529
444 445
444 446
444 447
445 446
445 447
445 448
446 481
446 540
447 449
447 450
447 527
447 498
448 449
448 993
448 569
449 450
449 451
449 463
449 726
450 482
450 451
450 452
450 453
450 810
451 452
451 981
452 454
452 930
453 455
454 455
454 922
454 767
455 456
455 457
455 598
456 457
456 458
456 459
456 722
457 459
457 474
458 459
458 461
458 959
459 584
459 460
459 461
459 599
459 586
460 493
460 463
460 663
461 621
461 462
461 463
461 464
462 776
462 464
462 465
462 498
463 587
463 464
463 511
464 465
464 466
464 467
465 466
465 467
465 468
466 467
466 469
466 730
466 661
467 469
467 470
468 469
468 470
468 471
469 470
469 471
470 728
470 471
470 472
470 571
471 472
471 473
471 982
471 672
472 547
472 473
472 475
473 623
473 530
473 475
474 545
474 739
474 620
474 475
475 476
475 477
475 478
475 736
476 840
476 823
476 477
476 478
476 479
477 845
477 478
477 480
478 481
478 479
479 481
479 480
480 481
480 482
480 483
481 482
481 484
482 483
482 740
482 612
482 570
483 484
483 485
483 705
484 485
484 486
485 486
485 487
486 487
486 488
486 970
486 805
487 488
487 489
487 490
488 489
488 491
488 711
488 604
489 490
489 492
489 953
490 491
490 493
490 696
490 907
491 494
491 657
491 703
492 493
492 495
493 494
493 495
493 896
494 495
494 496
494 533
495 690
495 497
495 789
495 535
495 506
495 638
496 497
496 498
496 499
497 546
497 498
497 500
498 499
498 500
498 501
499 500
499 501
499 502
499 624
500 501
500 502
500 503
501 502
501 503
501 504
501 571
502 503
502 504
502 505
503 504
503 506
503 955
504 680
504 506
504 507
505 506
505 507
505 508
506 507
507 566
507 508
507 509
508 643
508 510
508 511
509 510
509 511
509 512
510 513
510 676
510 512
511 514
511 943
511 665
512 513
512 515
512 646
512 960
513 514
513 515
513 516
514 515
514 516
514 521
515 516
515 517
515 518
516 517
516 518
516 519
517 518
517 519
517 867
517 592
517 762
518 519
518 520
518 616
519 520
519 522
519 989
520 521
520 522
520 523
522 524
522 525
523 691
523 831
524 525
524 527
524 702
525 685
525 527
525 528
526 528
526 529
526 538
527 530
528 593
528 530
528 531
529 531
529 532
530 818
530 531
530 532
530 533
530 760
531 532
531 533
531 534
532 994
532 533
532 535
533 549
533 534
533 535
534 535
534 536
534 537
535 654
535 536
535 537
536 537
536 538
536 539
537 836
537 725
537 538
538 876
538 539
538 540
539 708
539 540
539 541
539 542
540 541
540 542
540 543
541 942
541 542
541 543
541 544
542 545
542 544
543 546
543 665
543 763
544 545
544 546
544 547
544 729
545 546
545 547
545 659
546 547
546 548
546 549
547 548
547 550
548 549
548 550
548 670
549 551
549 552
549 788
550 552
550 553
551 552
551 569
551 859
552 553
552 554
552 918
552 731
553 769
553 554
553 556
554 555
554 556
554 557
554 819
555 613
555 556
555 558
555 816
556 835
556 557
556 558
556 559
557 558
557 559
557 560
558 560
558 561
558 627
559 560
559 561
559 562
560 561
560 562
560 563
561 899
561 964
561 714
561 563
562 563
562 564
562 565
563 564
563 565
563 566
564 711
564 566
565 566
565 567
565 568
566 567
566 569
566 799
567 569
567 570
568 569
568 570
568 571
569 570
569 572
569 950
570 593
570 571
570 700
571 583
571 891
571 572
572 573
572 575
573 728
573 574
573 575
573 576
574 577
574 575
574 576
575 577
575 578
575 928
575 980
575 576
576 577
576 578
576 579
576 587
577 578
577 579
577 580
578 579
578 580
578 581
579 580
579 581
579 582
580 772
580 581
580 583
581 582
581 788
582 584
582 585
582 892
582 765
583 584
583 586
584 586
584 587
584 726
585 836
585 587
585 588
585 916
586 588
586 589
586 911
587 588
587 589
588 589
588 590
588 591
589 590
589 591
589 592
589 800
590 591
591 593
591 594
592 593
592 595
593 914
593 712
593 594
593 595
593 916
594 689
594 595
594 596
594 597
594 856
595 597
595 757
595 762
596 967
596 597
596 598
596 757
597 974
597 599
598 631
598 601
599 909
599 601
600 601
601 602
601 603
601 604
602 603
602 604
603 616
603 604
603 606
604 605
604 606
605 674
605 606
605 607
606 679
606 607
606 608
607 609
607 610
607 608
608 609
608 610
608 611
609 611
609 931
610 611
610 612
610 613
610 888
611 612
611 614
611 977
613 614
614 615
614 616
614 617
615 616
615 617
615 618
616 617
617 618
617 619
618 619
618 620
618 621
619 641
619 620
620 621
620 622
621 709
621 623
621 672
622 972
622 623
622 627
623 624
623 626
624 626
624 627
625 626
625 627
625 628
626 627
626 628
626 629
627 628
627 629
627 630
628 629
628 630
628 631
629 844
629 632
630 631
630 633
630 639
631 741
631 632
631 633
632 633
632 634
632 635
633 719
633 634
633 636
634 900
634 940
634 637
635 637
635 638
636 637
636 638
637 638
637 639
637 640
638 931
638 640
639 641
639 757
640 641
640 642
640 643
641 642
641 643
641 684
642 643
642 645
643 644
643 645
644 740
644 646
645 646
645 647
645 648
645 828
646 647
646 969
646 773
647 648
647 649
648 649
648 650
648 651
649 651
649 652
649 939
650 651
651 652
651 653
651 654
652 653
652 654
652 655
653 654
653 656
654 655
654 656
654 657
655 656
655 657
655 658
655 855
656 978
656 657
656 658
657 660
658 659
658 661
658 704
659 661
659 662
659 764
660 661
660 662
661 662
661 664
662 779
662 663
662 664
663 664
663 665
664 665
664 667
665 666
665 667
666 963
666 712
666 872
666 668
666 669
667 668
667 669
667 670
668 669
668 670
669 813
669 691
669 670
669 671
670 915
670 795
671 673
671 674
671 824
671 672
673 675
673 676
673 969
674 675
674 676
674 677
675 676
675 677
675 678
676 677
676 678
676 679
677 678
677 679
677 680
678 680
678 681
679 681
679 682
680 681
680 682
680 683
680 883
681 683
681 684
682 683
682 684
682 685
683 684
683 685
683 686
684 705
684 685
684 686
684 687
685 686
685 687
685 688
686 687
686 688
686 689
687 688
687 689
687 852
688 690
688 691
689 690
689 692
690 691
690 693
691 693
691 694
692 694
692 695
693 964
693 694
693 695
693 696
694 934
694 696
694 697
695 696
695 697
695 703
696 1000
696 890
696 792
696 698
696 699
696 799
697 698
697 699
697 700
698 782
698 699
698 700
698 701
699 700
700 701
700 703
701 702
701 703
702 705
702 704
703 705
703 706
704 705
704 706
704 717
704 884
705 821
705 771
706 707
706 708
706 709
707 708
707 709
708 709
708 710
709 710
709 711
709 712
709 713
710 711
710 712
710 713
710 757
711 712
711 714
711 904
712 715
713 716
713 819
714 715
714 716
714 717
715 716
715 717
715 718
716 776
716 717
716 719
717 719
717 720
718 720
718 721
719 721
719 722
720 783
720 721
720 723
721 836
721 722
721 723
721 724
722 723
722 724
723 724
723 725
724 725
724 727
724 864
725 728
726 727
726 729
727 728
727 729
728 729
729 730
729 732
730 731
730 733
731 732
731 733
732 801
732 733
732 734
732 735
733 734
733 735
733 736
734 737
734 735
734 736
735 737
735 738
735 775
736 739
737 738
737 739
738 739
738 740
738 816
739 741
739 742
740 741
740 742
740 743
741 743
742 743
742 744
742 745
743 744
743 905
743 754
743 827
744 746
744 893
745 746
745 747
745 755
746 749
746 847
746 755
747 748
747 749
748 749
748 750
748 751
749 750
749 751
749 752
749 818
750 751
750 752
751 752
751 753
752 754
752 755
753 754
753 755
753 756
754 756
754 757
755 756
755 757
755 758
756 757
756 758
756 759
757 937
757 759
758 759
758 761
758 990
759 762
760 761
760 762
761 791
761 764
762 892
762 970
762 974
762 765
763 765
763 766
764 835
764 975
764 766
764 767
765 766
765 767
765 768
766 767
766 768
767 769
767 770
767 768
768 769
768 770
768 771
769 771
769 772
769 967
770 771
770 772
770 923
771 773
771 774
771 833
771 864
772 774
772 775
774 775
774 776
774 777
775 777
775 778
776 777
777 778
777 779
777 780
778 779
778 780
779 780
779 781
779 782
780 801
780 781
780 783
781 782
781 783
781 784
782 784
782 785
783 784
783 785
783 786
784 785
784 786
784 787
785 786
786 787
786 788
786 789
787 788
787 789
787 790
788 873
788 791
788 992
789 791
789 792
790 791
790 792
790 793
791 792
791 793
791 794
792 794
793 794
793 796
794 805
794 795
794 796
794 859
795 995
795 798
796 814
796 797
796 798
796 799
797 798
797 799
797 800
798 801
798 799
798 800
799 802
799 854
799 800
800 802
801 802
802 803
802 804
802 805
803 804
803 805
803 806
804 806
804 807
804 949
805 808
806 921
806 987
807 809
807 810
807 846
808 809
808 810
808 811
809 811
809 812
809 860
810 812
810 813
811 812
811 814
812 813
812 814
812 986
813 814
813 815
814 815
814 816
815 838
815 904
815 816
815 817
815 818
816 819
817 818
817 820
819 843
820 821
820 823
821 880
821 824
822 824
822 825
823 824
823 826
824 827
825 826
825 827
825 828
826 827
826 828
826 829
827 829
828 875
828 830
829 830
829 832
830 833
830 831
830 832
831 833
831 834
831 832
832 833
832 834
832 835
832 898
833 834
833 835
833 849
834 835
834 836
834 837
835 836
835 837
836 838
837 838
837 839
838 839
838 841
839 841
839 887
840 841
840 843
841 996
841 842
841 843
841 844
842 843
842 844
842 845
843 934
843 844
844 845
844 846
844 847
845 847
845 848
846 974
846 847
846 849
847 848
847 849
847 850
848 849
848 850
848 851
849 850
849 851
850 851
850 852
850 853
851 881
851 853
852 961
852 854
852 855
853 855
853 856
854 855
854 856
855 856
856 859
856 987
857 858
857 859
857 860
858 859
858 860
858 861
859 862
860 861
860 862
860 863
861 862
861 863
861 864
862 865
862 863
862 864
863 865
863 866
863 864
864 865
864 866
865 866
865 867
865 922
866 867
866 868
866 869
867 868
867 869
868 869
868 870
868 871
869 870
869 871
869 872
870 871
870 872
870 873
871 872
871 873
871 874
872 873
872 875
873 874
873 875
873 876
874 875
874 876
874 877
875 876
875 877
875 878
876 877
876 878
877 878
877 879
877 880
878 879
878 880
878 881
879 880
879 881
880 938
880 881
880 882
880 883
881 883
881 884
882 883
882 884
882 885
883 884
884 885
884 886
885 886
885 888
886 887
886 888
886 889
887 888
887 889
887 890
888 890
888 891
889 890
889 891
889 892
890 900
890 893
891 941
891 909
891 892
891 894
892 895
893 909
893 894
893 896
894 897
894 895
894 896
895 896
896 897
896 898
896 899
897 898
897 899
897 900
898 899
899 902
899 986
900 961
900 902
900 903
901 902
901 942
902 903
902 904
902 905
903 904
903 905
903 906
904 905
904 906
905 906
905 907
905 908
906 908
906 909
906 957
908 909
908 911
909 911
910 912
910 913
911 914
912 914
912 915
913 914
913 915
913 916
914 915
914 916
914 990
915 916
915 917
915 918
916 998
916 918
917 920
918 919
918 920
919 933
919 920
919 921
919 922
920 921
920 922
920 923
921 922
921 923
922 924
922 925
923 926
924 925
924 926
925 926
925 927
926 929
926 927
926 928
927 930
927 963
927 928
928 930
929 930
929 932
930 931
930 932
931 932
931 933
932 933
932 934
932 935
933 934
933 936
934 935
934 936
934 937
935 936
935 969
935 938
936 937
936 938
936 939
937 938
937 939
937 940
938 939
938 940
939 940
939 941
939 942
939 983
940 941
940 943
941 942
941 943
941 944
942 944
942 945
943 944
943 945
944 946
944 947
945 946
945 947
945 948
946 949
947 948
947 949
947 950
948 949
948 950
949 951
949 952
950 965
950 985
950 951
950 952
951 952
951 953
951 954
952 953
952 954
952 955
953 954
953 955
954 955
954 956
955 956
956 957
956 959
957 958
957 960
958 961
958 959
958 960
959 961
959 962
960 963
961 964
962 963
962 965
963 964
964 965
964 966
965 966
965 968
966 968
966 969
967 968
968 969
968 970
968 971
969 971
970 972
970 973
971 972
971 973
971 974
972 973
972 974
973 974
973 975
973 976
974 975
974 976
975 976
975 978
976 978
976 979
977 978
977 979
978 979
978 980
979 980
979 981
979 982
980 981
980 983
981 982
981 983
981 984
982 984
983 984
983 986
984 985
984 986
984 987
985 987
986 987
986 988
986 989
987 988
987 989
987 990
988 989
988 990
988 991
989 990
990 993
990 991
990 992
991 993
991 994
992 993
993 994
993 995
993 996
994 995
994 997
995 996
995 997
995 998
996 997
996 999
997 998
997 999
997 1000
998 999
998 1000
999 1000
