700 2100
1 2
1 3
1 340
1 156
1 57
1 699
1 700
2 97
2 3
2 124
2 5
2 268
2 699
2 700
3 694
3 513
3 639
3 576
4 5
4 6
4 7
4 562
5 6
5 14
5 533
5 664
6 162
6 9
6 690
7 35
7 8
7 9
7 10
8 547
8 10
8 355
9 10
9 11
9 12
9 279
10 106
10 11
10 12
10 557
10 207
11 12
11 13
11 14
12 13
12 14
12 15
12 508
13 15
13 16
13 544
14 195
14 16
14 480
15 362
15 17
15 185
16 325
16 17
16 19
16 405
17 532
17 18
17 19
17 20
18 646
18 105
18 20
18 21
18 23
18 632
18 128
19 20
19 21
19 22
19 602
20 21
20 22
20 23
21 268
21 23
21 24
22 33
22 647
22 534
22 23
22 24
23 24
23 25
24 152
24 25
24 26
24 27
24 606
25 53
25 26
25 27
25 28
26 392
26 61
26 428
26 28
26 29
27 175
27 28
27 29
27 30
28 421
28 274
28 374
28 29
28 30
29 329
29 30
29 31
29 32
30 545
30 399
30 538
30 32
31 33
31 34
31 444
31 32
32 33
32 34
32 35
32 221
33 34
33 524
33 271
33 464
33 146
33 663
33 220
34 36
34 423
34 398
34 383
34 573
35 38
35 339
36 37
36 38
36 39
36 172
37 198
37 39
37 40
37 464
37 473
37 671
37 512
38 39
38 525
38 562
39 519
39 41
39 498
39 219
40 41
40 42
40 43
40 122
41 43
41 464
41 595
42 43
42 44
42 347
43 45
43 46
43 48
43 695
44 45
44 46
44 47
45 327
45 73
45 47
45 48
45 694
45 345
46 47
46 48
46 49
47 210
47 411
47 638
48 622
48 49
48 95
49 50
49 52
49 117
50 51
50 52
50 53
50 253
51 52
51 53
51 54
52 69
52 467
52 53
52 54
52 55
53 54
53 56
53 127
54 432
54 55
54 56
54 57
55 172
55 56
55 57
56 57
56 58
56 59
57 567
57 58
57 59
57 342
58 59
58 60
58 61
59 618
59 664
59 398
59 60
60 447
60 61
60 62
60 63
61 290
61 62
61 64
62 65
62 275
62 64
63 66
63 299
63 85
63 64
64 65
64 66
64 67
64 302
64 700
65 66
65 67
65 68
65 355
65 535
66 387
66 68
66 69
66 210
66 211
67 68
67 492
67 411
67 544
68 69
68 70
68 71
69 71
69 202
69 667
70 71
70 72
70 73
70 189
70 382
71 72
71 73
71 74
72 73
72 74
72 75
72 657
72 414
73 74
73 76
73 586
74 77
74 432
74 224
75 76
75 77
75 78
76 293
76 77
76 78
77 79
77 80
77 210
77 567
78 394
78 79
78 80
78 81
79 80
79 121
79 208
80 648
80 553
80 83
81 82
81 83
81 250
82 386
82 339
82 83
82 85
82 218
82 122
83 110
83 86
83 638
84 692
84 85
84 86
84 87
85 196
85 653
85 88
86 87
86 88
86 89
87 103
87 88
87 89
88 100
88 90
88 91
88 415
89 257
89 91
89 92
90 324
90 680
90 298
90 91
90 92
91 428
91 409
91 374
91 92
91 93
91 94
92 225
92 583
92 649
92 429
92 623
92 180
92 248
92 156
92 94
92 95
93 581
93 431
93 463
93 96
94 97
94 292
94 197
94 95
94 96
95 98
95 252
95 334
95 96
96 97
96 663
96 410
97 98
97 391
97 394
97 140
97 213
98 99
98 488
98 589
98 141
98 694
98 603
99 259
99 100
99 102
100 101
100 103
100 394
100 239
101 103
101 104
101 520
101 328
102 422
102 103
102 104
102 181
102 220
103 105
103 106
103 538
104 107
104 527
104 240
104 285
105 106
105 698
105 219
105 446
106 108
106 109
107 108
107 109
107 438
108 567
108 110
108 215
109 289
109 680
109 112
109 633
109 446
110 580
110 111
110 112
111 112
111 114
111 251
111 478
112 229
112 458
112 113
112 381
112 126
113 659
113 114
113 115
113 116
114 116
114 117
114 527
114 409
115 116
115 117
115 118
115 351
116 456
116 117
116 118
116 119
117 240
117 118
117 119
117 120
118 393
118 119
118 120
119 503
119 120
119 121
119 122
120 121
120 122
120 351
121 241
121 122
121 124
121 254
122 123
122 125
123 124
123 125
123 126
124 283
124 239
125 126
125 127
125 128
126 129
126 127
127 130
127 481
128 129
128 130
128 131
128 295
129 130
129 131
129 237
129 512
130 131
130 133
130 486
130 410
131 134
131 332
131 225
131 206
132 133
132 134
132 135
133 134
133 135
133 685
133 309
133 542
134 135
134 136
134 137
134 187
135 430
135 657
135 503
135 154
136 547
136 137
136 138
137 139
137 140
137 648
137 601
137 299
138 258
138 139
138 140
138 141
139 353
139 140
139 239
140 141
140 143
140 654
140 175
140 670
141 142
141 144
141 570
142 143
142 144
142 145
143 354
143 262
143 587
143 145
143 146
143 377
144 257
144 196
144 145
144 147
144 693
145 146
145 147
145 148
146 165
146 519
147 386
147 547
147 148
147 534
147 208
148 149
148 150
148 151
149 150
149 151
149 152
150 151
150 152
150 159
151 152
151 153
151 154
152 153
152 154
152 541
153 154
153 155
153 156
154 155
154 156
155 300
155 156
155 157
156 527
156 443
157 653
157 174
157 159
157 160
158 161
158 159
158 160
159 161
159 162
159 160
160 161
160 162
160 163
160 346
161 163
161 164
161 654
162 163
162 165
162 232
163 165
163 166
163 621
164 165
164 166
164 167
165 166
165 167
165 168
165 594
166 167
166 168
166 379
166 253
167 168
167 170
167 358
168 169
168 170
168 171
168 591
169 388
169 172
169 662
170 615
170 171
170 172
170 173
171 489
171 172
171 173
171 174
172 261
172 175
172 282
172 255
173 174
173 175
173 176
174 175
174 176
174 351
175 261
175 597
175 364
175 224
176 177
176 530
176 179
177 179
177 180
177 411
178 259
178 333
178 179
178 181
179 180
179 181
179 182
180 330
180 183
181 557
181 305
181 182
181 184
182 487
182 183
182 184
183 556
183 624
183 184
183 185
183 186
184 186
184 187
184 349
185 186
185 187
185 188
186 233
186 499
186 188
186 189
187 188
187 189
188 232
188 189
188 191
189 531
189 213
189 406
190 193
190 481
190 582
190 288
191 193
191 269
191 192
192 495
192 303
192 571
192 635
193 194
193 195
193 196
194 642
194 195
194 196
194 268
194 580
194 441
194 221
195 196
195 198
195 326
195 545
196 197
196 198
196 199
197 198
197 199
198 200
198 201
199 200
199 201
199 202
200 323
200 617
200 202
200 633
201 202
201 203
201 204
201 626
202 205
202 368
202 438
203 204
203 205
203 206
203 636
204 678
204 205
204 206
204 207
204 379
205 392
205 425
205 206
205 207
205 506
206 207
206 209
206 242
207 208
207 210
208 306
208 649
208 210
209 307
209 210
209 211
210 417
210 212
210 213
210 601
211 213
211 218
212 213
212 214
212 639
213 472
213 215
213 479
214 215
214 216
214 217
215 216
215 217
215 218
216 217
216 218
216 219
216 255
217 634
217 218
217 220
217 445
218 453
218 525
218 474
218 219
219 221
219 222
220 369
221 335
222 311
222 223
222 224
223 225
223 677
223 520
223 224
224 226
224 227
224 523
225 673
225 226
225 674
225 489
226 227
226 228
226 648
227 228
227 229
227 230
228 230
228 231
228 696
228 350
229 230
229 232
229 410
230 232
230 233
230 274
230 347
231 549
231 232
231 233
231 297
231 286
232 233
232 234
232 235
233 394
233 524
233 638
233 544
234 235
234 236
234 284
235 391
235 236
235 238
236 237
236 238
236 239
236 403
236 318
237 263
237 238
237 240
237 308
238 451
238 240
238 241
239 240
239 241
239 439
240 241
240 242
241 243
241 244
241 575
242 243
242 244
243 244
243 246
243 288
244 423
244 246
244 247
245 246
245 247
245 248
246 454
246 594
246 247
246 248
246 249
246 639
247 308
247 248
247 250
248 249
248 346
249 250
249 251
249 252
250 356
250 397
250 280
250 251
250 253
251 553
251 252
251 253
251 254
252 683
252 253
252 254
252 255
253 256
254 257
254 522
254 336
254 255
255 258
256 258
256 259
256 265
256 640
257 260
257 359
257 562
257 571
258 261
258 329
259 260
259 261
259 262
260 261
260 262
260 263
260 624
261 262
261 264
261 338
261 562
262 428
262 468
263 264
263 265
263 266
264 385
264 265
264 686
264 497
265 266
265 403
266 267
266 268
266 269
267 677
267 268
267 269
267 270
268 269
268 270
268 271
269 271
269 272
269 472
270 552
270 272
270 273
270 446
270 299
271 426
271 272
271 273
271 274
272 273
272 274
272 275
272 470
273 274
273 276
273 506
273 381
274 338
274 275
274 276
274 277
275 417
275 276
275 277
275 278
276 277
276 278
276 279
277 369
277 280
277 479
278 279
278 280
278 281
279 590
279 281
279 508
280 294
280 681
280 281
280 282
280 283
281 282
281 283
281 284
282 678
282 689
282 283
282 285
282 608
283 558
283 655
283 284
283 286
284 433
284 468
284 285
284 287
285 668
285 286
285 640
286 287
286 288
287 290
287 454
287 288
288 289
288 290
288 291
289 290
289 291
290 292
290 293
290 522
291 292
291 293
291 294
292 293
292 295
293 295
293 296
293 575
294 297
294 305
294 320
295 297
295 312
296 298
296 299
296 659
296 415
296 541
296 575
297 393
297 298
297 587
297 688
297 478
298 299
298 301
299 302
300 301
300 302
300 303
301 302
301 303
301 304
301 660
302 581
302 304
303 304
303 305
303 306
303 628
304 305
304 306
304 307
304 665
305 308
306 307
306 308
306 309
306 310
307 308
307 309
307 310
308 310
308 311
308 634
309 310
309 311
309 312
310 680
310 312
311 312
311 313
311 447
312 313
312 314
312 315
313 560
313 314
313 315
313 316
314 315
314 316
314 317
315 520
315 317
315 318
316 573
316 317
316 319
317 318
317 319
317 320
318 321
318 319
319 321
319 355
319 538
319 320
320 321
320 322
320 534
320 540
321 322
321 323
321 324
322 323
322 324
322 325
323 325
323 326
323 445
324 325
324 326
324 327
325 326
325 327
325 328
326 327
326 329
327 329
327 330
328 331
328 689
328 373
329 330
329 331
329 462
330 332
330 333
330 368
330 370
331 332
331 334
331 657
332 333
332 334
332 335
333 334
333 335
333 406
334 388
334 337
335 390
335 336
335 337
336 337
336 338
337 338
337 339
337 340
338 618
338 340
338 341
339 341
339 342
339 576
340 342
340 343
341 342
341 343
341 344
342 344
342 345
343 515
343 582
343 496
343 344
343 345
343 346
344 345
344 346
344 347
345 346
345 348
346 538
346 348
347 519
347 492
347 349
348 513
348 349
348 351
349 584
349 350
349 351
349 352
350 353
350 351
351 354
351 352
352 353
352 355
352 380
353 354
353 355
353 356
353 460
354 356
354 357
355 356
355 357
355 461
355 665
356 357
356 685
357 659
357 631
357 445
358 359
358 361
358 700
359 360
359 362
360 361
360 363
360 499
360 523
361 362
361 364
361 433
362 363
362 364
362 365
363 364
363 365
363 402
363 444
364 366
364 367
364 690
365 492
365 366
365 368
365 380
366 367
366 368
366 369
367 368
367 369
367 370
367 479
368 369
368 371
368 411
369 370
369 371
369 372
370 371
370 372
370 373
371 372
371 373
371 374
372 373
372 374
372 375
372 384
373 374
373 375
373 376
374 670
375 495
375 376
375 378
375 699
376 460
376 496
376 377
376 378
376 379
377 676
377 389
377 505
377 378
377 379
378 695
378 379
378 381
379 478
379 381
380 478
380 602
380 381
380 382
381 382
381 383
381 384
382 385
382 587
382 469
383 386
383 384
384 385
384 386
385 387
385 388
386 387
387 388
387 389
388 389
388 454
388 391
388 556
389 391
389 392
390 391
390 392
390 393
391 392
391 394
392 393
392 432
392 412
393 394
393 396
394 397
395 582
395 397
395 398
396 397
396 398
396 399
397 398
397 400
398 554
398 400
399 579
399 400
399 402
400 613
400 401
400 402
401 522
401 403
401 564
402 613
402 403
402 405
403 404
403 405
404 554
404 464
404 405
404 406
405 626
405 555
405 407
406 653
406 408
406 409
407 408
407 409
407 410
408 436
408 409
408 411
409 699
410 579
410 413
411 413
412 515
412 605
412 413
412 415
412 672
413 414
413 415
413 416
414 417
414 415
415 417
415 416
416 417
416 418
416 421
417 420
417 520
418 419
418 420
418 421
419 420
419 421
419 422
420 421
420 422
420 527
421 422
421 424
422 423
422 426
422 644
423 424
423 425
423 426
424 425
424 426
424 427
425 426
425 427
425 428
426 427
426 428
427 514
427 428
427 429
427 430
428 557
429 430
429 432
430 431
430 432
430 433
430 691
431 520
431 591
431 433
431 434
431 468
432 462
432 434
432 567
433 435
433 436
433 507
434 435
434 437
434 667
435 436
435 437
435 438
436 465
436 438
436 512
437 563
437 439
437 440
437 531
438 559
438 469
438 439
438 607
439 441
439 442
440 613
440 441
440 446
441 442
441 443
442 443
442 444
442 445
443 444
443 445
444 568
444 445
444 447
445 447
445 448
446 447
447 449
447 450
448 449
448 450
448 451
449 450
449 485
449 457
449 525
449 590
450 515
450 452
450 453
451 452
451 453
451 454
451 486
451 666
452 453
452 455
452 679
452 535
453 454
453 455
453 456
454 455
455 456
455 457
455 458
456 457
456 458
457 459
457 460
457 477
458 459
458 460
458 461
459 460
459 461
459 462
460 462
461 462
461 463
462 463
463 464
463 465
463 466
464 466
465 466
465 467
465 468
466 579
466 467
466 468
466 469
467 468
467 469
468 469
468 471
469 472
470 471
470 472
471 484
471 472
471 473
471 474
472 474
472 475
473 474
473 475
473 476
474 475
474 477
475 647
475 476
475 478
476 477
476 478
476 479
477 479
477 480
478 479
479 480
480 650
480 508
481 482
481 483
481 484
482 483
482 485
482 571
483 484
483 485
483 486
483 551
484 486
484 487
485 487
485 488
485 554
485 650
486 488
486 592
487 578
487 488
487 489
487 490
488 489
488 491
489 552
490 491
490 492
490 493
491 492
491 493
491 494
492 494
492 592
493 494
493 495
493 496
494 550
494 552
494 653
494 495
494 497
495 496
495 498
496 577
496 497
497 498
497 499
497 500
497 530
498 499
498 500
499 500
500 501
500 502
500 503
501 556
501 502
501 639
502 503
502 504
502 505
503 505
503 506
504 505
504 507
504 534
505 507
505 508
506 507
507 508
507 509
507 510
508 510
509 643
509 510
509 511
509 512
510 513
510 511
510 512
511 513
511 514
511 512
512 514
513 514
513 516
513 592
514 516
514 517
515 518
516 517
516 518
516 519
517 518
517 519
517 520
518 519
518 520
518 521
519 520
519 521
519 522
521 522
521 523
521 524
522 650
522 523
523 525
523 606
524 576
525 526
525 528
526 527
526 528
526 572
527 528
527 529
528 529
528 530
528 535
529 530
529 531
529 532
530 531
530 533
531 617
531 533
531 534
532 533
532 535
533 534
533 535
533 536
534 677
534 535
534 537
535 536
535 538
536 537
536 539
536 540
537 538
537 539
537 540
538 539
538 540
539 551
539 540
539 541
540 541
540 542
541 544
542 569
542 543
542 544
543 545
543 546
543 681
543 669
543 544
544 545
544 546
544 547
545 546
545 547
545 675
546 547
546 548
546 549
547 548
547 549
548 549
548 550
548 551
549 550
549 551
549 552
550 551
550 553
550 561
551 553
551 554
552 554
552 555
553 554
553 555
554 555
554 556
554 557
555 557
555 698
556 582
556 557
556 559
557 559
557 560
558 559
558 560
558 561
559 560
559 562
559 698
560 562
560 563
561 562
561 564
562 648
562 692
562 637
563 564
563 565
563 566
564 565
564 566
564 567
565 641
565 566
565 567
565 568
566 567
566 568
566 569
567 568
567 570
568 583
568 569
568 570
569 679
569 570
569 571
570 583
570 571
571 667
571 573
571 574
572 573
572 574
572 575
573 574
573 575
573 576
574 577
574 575
574 576
575 577
575 578
575 576
576 577
576 578
577 579
577 580
578 579
578 580
579 580
580 582
580 583
581 583
581 584
583 585
583 586
584 679
584 585
584 587
585 586
585 587
585 588
586 587
586 588
586 589
587 588
587 590
587 661
588 590
588 591
588 665
589 590
589 591
590 592
590 593
591 594
592 593
593 594
593 595
593 596
594 617
595 596
595 597
595 598
596 655
596 597
596 599
597 598
597 600
598 599
598 600
598 601
599 647
599 600
599 601
599 602
600 601
600 602
600 603
601 662
602 603
603 604
603 605
603 606
604 605
604 606
604 607
605 674
605 607
605 608
606 609
606 607
607 609
607 610
607 608
608 610
608 611
609 610
609 611
609 612
610 611
610 612
610 613
611 612
611 613
611 614
612 613
612 614
612 615
613 615
613 616
614 615
614 616
614 617
615 616
615 618
616 617
616 618
616 619
617 618
617 619
618 619
618 620
619 620
619 621
619 622
619 697
620 622
620 623
620 638
621 622
621 623
621 624
622 623
622 624
622 625
623 624
623 625
624 625
625 626
625 627
625 628
626 627
626 628
627 628
627 629
627 630
628 630
628 632
629 630
629 631
629 632
630 631
630 632
630 633
631 632
631 633
631 634
632 634
632 635
633 634
633 635
634 635
634 637
634 640
635 650
635 637
636 637
636 639
637 650
637 640
638 641
638 639
638 640
639 641
639 642
640 642
640 643
641 643
641 644
642 643
642 644
643 645
643 646
644 645
644 646
644 647
645 646
645 647
645 648
646 647
646 648
647 650
648 650
648 651
649 650
649 651
650 652
650 653
651 652
651 653
651 654
652 653
652 654
652 655
653 654
654 656
654 657
655 656
655 657
655 664
656 657
656 658
656 659
657 658
657 659
658 659
658 660
658 661
658 692
659 661
660 661
660 663
661 663
661 664
662 663
662 664
662 665
663 664
663 665
664 667
665 666
666 667
666 669
667 668
667 670
668 669
668 670
668 671
669 670
669 672
670 673
670 675
670 671
671 673
671 674
672 673
672 675
673 674
673 675
673 676
674 675
675 677
676 678
676 679
678 679
680 681
681 682
682 683
682 684
682 685
683 684
683 686
684 685
684 686
684 687
685 686
685 688
686 687
686 688
686 689
687 688
687 689
687 690
688 689
688 690
688 691
689 690
689 691
690 692
690 693
691 692
691 694
693 694
693 696
694 695
694 697
695 697
695 698
696 697
696 698
696 699
697 699
697 700
698 699
698 700
699 700
