2000 6000
1 2
1 3
1 1998
1 1999
1 2000
1 84
1 154
2 3
2 5
2 1999
2 2000
2 1340
2 928
3 4
3 5
3 1287
3 458
4 6
4 7
4 1827
4 224
5 6
5 7
5 8
6 8
6 9
6 37
7 8
7 9
7 10
8 1635
8 10
8 11
9 716
9 10
9 12
9 340
9 1184
10 11
10 12
10 13
10 84
11 12
11 13
11 14
11 1976
12 610
12 940
12 13
12 15
13 834
13 1508
13 16
13 138
13 793
13 811
14 15
14 16
14 17
15 16
15 17
15 1344
16 17
16 18
16 19
16 915
16 223
17 708
17 19
17 567
18 19
18 20
18 21
18 255
19 1992
19 1647
19 21
19 22
19 688
20 556
20 1911
20 268
20 694
21 1155
21 841
21 22
21 23
21 1565
22 23
22 24
22 25
23 934
23 205
23 24
23 25
23 26
24 1092
24 344
24 27
25 988
25 1669
25 1624
25 26
25 27
25 28
26 541
26 1903
26 28
26 29
26 703
27 1443
27 107
27 1297
27 28
27 30
28 938
28 702
28 29
28 30
29 797
29 30
29 31
29 32
30 33
30 803
30 31
30 32
31 1513
31 369
31 777
31 1791
31 32
32 34
32 35
32 1507
32 339
33 34
33 35
33 36
33 751
34 35
34 52
34 694
34 1435
35 37
35 38
35 1415
35 1343
36 936
36 1486
36 1872
36 1586
36 1751
36 926
37 38
37 39
37 1776
37 1030
38 39
38 40
38 1197
38 990
39 1697
39 40
39 42
40 41
40 621
40 629
41 42
41 43
41 44
42 1924
42 44
42 45
42 1586
43 45
43 46
43 1431
44 357
44 845
44 46
44 47
44 1649
45 47
45 48
45 1760
46 47
46 48
46 688
47 48
47 50
47 1623
47 1311
48 49
48 50
48 51
49 50
49 51
49 52
50 51
50 1396
50 918
50 219
51 52
51 53
51 54
51 319
52 597
52 54
52 55
53 1539
53 77
53 1039
53 55
54 1299
54 883
54 55
54 56
55 56
55 57
55 58
56 1057
56 922
56 57
56 58
56 735
57 1812
57 59
57 60
58 227
58 1852
58 1237
58 1686
58 59
58 60
58 61
59 1090
59 1575
59 1113
59 61
60 1258
60 1527
60 62
60 63
61 1905
61 604
61 1563
61 1439
62 1666
62 203
62 987
62 63
63 784
63 66
63 1191
63 898
63 862
63 1618
63 214
63 1655
63 64
64 65
64 66
64 67
65 66
65 68
65 1739
66 67
66 68
66 69
67 68
67 1580
67 1107
68 69
68 70
68 71
69 71
69 72
69 787
69 663
69 382
70 72
70 73
70 207
71 72
71 74
71 1853
72 73
72 74
72 1334
72 574
73 74
73 76
73 1918
74 619
74 76
74 77
75 1863
75 76
75 77
76 77
76 1649
76 1876
76 1590
76 798
76 1728
77 79
77 721
77 626
77 477
78 995
78 80
78 81
79 80
79 82
79 948
80 1259
80 81
80 1045
80 632
80 1276
81 388
81 683
81 82
81 84
82 465
82 1523
82 2000
82 83
82 85
83 1859
83 85
83 86
83 638
83 662
84 85
84 87
85 86
85 87
85 88
86 1540
86 87
86 88
86 89
87 1380
87 184
87 89
87 90
87 444
88 1099
88 461
88 1647
88 691
88 90
88 1628
89 1475
89 941
89 1877
89 92
90 1392
90 978
90 92
90 93
91 1757
91 891
91 1308
91 93
91 94
92 974
92 1423
92 1838
92 93
92 94
93 1963
93 95
93 96
94 1152
94 95
94 96
95 97
95 98
95 99
95 96
96 97
96 98
96 99
96 209
97 98
97 99
97 100
98 1569
98 100
98 101
99 100
99 101
99 1902
100 101
100 102
100 314
100 256
101 103
101 104
101 1294
101 379
102 103
102 104
102 105
103 104
103 105
103 141
104 106
104 1420
104 174
104 1925
104 1023
104 518
105 107
105 108
105 308
106 1827
106 810
106 107
106 108
106 109
106 345
107 108
107 110
108 110
108 111
108 1658
108 1051
109 295
109 110
109 112
110 899
110 1897
110 112
111 1932
111 1163
111 113
111 114
112 113
112 114
112 115
112 1467
113 114
113 115
113 116
113 122
114 115
114 116
114 117
114 1887
115 209
115 117
115 953
116 845
116 271
116 118
116 687
117 118
117 119
117 120
118 1225
118 119
118 120
119 264
119 121
119 122
120 360
120 122
120 123
121 1998
121 122
121 123
121 124
122 1665
122 817
122 125
123 124
123 125
123 126
124 129
124 125
124 127
125 1633
125 355
125 127
125 128
126 868
126 1130
126 128
127 129
127 130
127 1522
127 382
128 129
128 131
128 1040
128 1279
129 130
129 131
129 132
130 131
130 133
130 358
130 135
130 1168
130 1074
131 133
131 134
131 754
131 767
132 133
132 134
132 135
132 174
133 134
133 135
133 1759
134 135
134 136
134 1069
135 136
135 1833
135 1192
136 137
136 429
136 219
137 138
137 139
137 140
138 139
138 141
139 140
139 141
139 142
139 1042
139 1864
140 141
140 142
140 143
141 144
141 586
141 1978
142 745
142 143
142 144
142 145
143 144
143 146
143 279
144 1202
144 145
144 146
144 147
145 399
145 146
145 148
145 852
146 147
146 148
146 149
147 148
147 149
147 150
148 149
148 150
148 382
149 532
149 150
149 151
149 152
150 1612
150 1933
150 151
151 1826
151 1359
151 152
151 406
152 153
152 154
152 1535
153 186
153 154
153 155
153 1119
154 1601
154 157
155 1761
155 1092
155 156
156 1057
156 157
156 158
156 159
157 1532
157 1289
157 1642
157 1584
157 1873
157 158
158 161
158 1217
158 1675
158 1456
159 161
159 162
159 160
160 161
160 451
160 555
161 162
161 1635
161 164
161 413
162 163
162 165
162 1585
162 185
163 164
163 165
163 166
164 165
164 166
164 167
164 1117
165 166
165 167
165 168
165 621
166 354
166 167
166 169
166 1835
167 169
167 265
167 762
168 170
168 171
168 1835
169 171
169 172
169 436
170 171
170 172
170 855
170 1131
170 1439
171 998
171 172
171 173
171 1357
172 173
172 174
172 175
172 459
173 174
173 175
173 176
174 176
174 177
175 1162
175 176
175 177
175 178
175 1785
176 1097
176 177
176 178
176 179
176 1311
177 1001
177 178
177 1561
177 669
178 179
178 180
178 181
178 1661
179 773
179 807
179 180
179 181
179 182
180 1105
180 1925
180 1493
180 182
181 1107
181 533
181 182
181 184
181 1305
182 1903
182 183
182 184
182 185
182 597
183 1615
183 185
183 186
184 1401
184 186
184 187
184 700
185 186
185 187
185 188
186 187
186 188
186 189
187 1029
187 1236
187 188
187 189
188 1059
188 338
188 1783
188 1757
188 191
189 1187
189 1358
189 1053
189 192
190 193
190 191
190 192
191 193
191 194
191 1579
191 538
192 193
192 194
192 195
193 194
193 195
193 1737
193 1131
194 195
194 197
194 1797
194 1310
195 196
195 197
195 198
195 1459
196 197
196 198
196 199
196 647
197 198
197 199
197 200
198 199
198 563
198 1055
199 201
199 202
199 596
199 998
200 1220
200 201
200 1417
200 795
200 1275
201 202
201 203
201 204
201 1823
202 203
202 204
202 205
202 494
202 794
203 204
203 206
203 1514
204 1446
204 205
204 207
204 1621
204 1517
205 1092
205 208
206 207
206 208
206 209
207 1506
207 803
207 1220
207 208
207 1379
208 1957
208 210
208 211
209 211
209 212
210 211
210 212
210 213
210 730
211 1002
211 213
211 1433
211 831
212 1492
212 214
212 215
212 1914
213 275
213 214
213 215
213 216
214 215
214 216
215 1810
215 1135
215 1234
215 217
215 218
216 217
216 218
216 219
217 1039
217 218
217 219
217 220
218 219
218 220
218 221
219 220
219 221
219 222
219 1343
220 221
220 222
220 223
220 1568
221 961
221 1481
221 1714
221 883
221 224
222 225
222 1184
222 223
222 224
223 225
223 226
223 549
223 296
224 225
224 226
224 227
225 228
225 390
225 275
226 227
226 228
226 1616
227 229
227 1813
228 229
228 1040
228 1009
229 230
229 231
229 232
230 231
230 233
230 1399
231 292
231 232
231 1817
232 233
232 1265
232 1387
232 1344
233 418
233 1763
233 234
233 235
233 236
234 236
234 237
234 442
235 236
235 237
235 238
236 238
236 239
236 1499
236 491
237 612
237 238
237 240
238 396
238 263
238 1005
238 241
238 1299
238 277
239 1062
239 1031
239 338
239 241
239 242
240 241
240 242
240 243
240 1592
241 242
241 243
241 1273
241 883
242 243
242 244
242 245
243 244
243 1333
243 246
244 784
244 245
244 247
245 1603
245 305
245 246
245 855
246 1400
246 1750
246 247
246 248
247 463
247 248
247 250
248 249
248 250
248 251
249 930
249 250
249 251
249 252
250 1747
250 252
250 253
251 1227
251 1934
251 1276
251 254
252 1853
252 343
252 253
252 254
253 1255
253 328
253 694
254 257
254 992
254 1079
254 1338
254 1691
254 256
255 257
255 258
256 259
256 905
256 1113
257 386
257 259
257 1078
257 951
258 417
258 259
258 260
258 261
258 1155
259 260
259 261
259 262
260 1060
260 261
260 262
260 263
260 896
261 1921
261 263
261 264
261 1538
261 603
262 353
262 265
262 361
262 1373
263 265
263 266
264 265
264 266
264 267
264 1801
264 1108
265 266
265 1323
265 268
266 486
266 267
266 268
266 366
266 1809
266 566
267 268
267 1549
267 464
267 1748
268 269
268 270
268 271
269 270
269 271
269 272
269 1295
269 1245
270 271
270 272
270 273
271 1266
271 362
271 272
271 273
271 274
272 1741
272 273
272 274
273 1764
273 275
273 276
274 1553
274 275
274 276
274 277
275 1572
275 276
275 278
276 1091
276 277
276 279
277 1895
277 278
277 279
278 652
278 1401
278 279
278 1149
279 466
279 1625
279 888
279 281
279 352
280 1099
280 281
280 282
280 283
281 1730
281 1521
281 282
281 284
282 523
282 794
282 285
283 1309
283 284
283 285
284 1977
284 756
284 285
284 287
285 790
285 286
285 287
285 288
286 289
286 1961
286 1805
286 287
287 289
287 290
287 1618
287 288
288 289
288 290
288 291
288 806
289 290
289 291
289 1646
290 292
290 293
290 555
291 294
291 877
291 1244
292 293
292 294
292 1491
293 1185
293 294
293 296
293 590
293 1271
294 295
294 296
294 297
294 1736
295 296
295 297
295 298
295 810
296 298
296 299
296 1164
297 1768
297 298
297 300
297 1738
298 299
298 300
298 301
298 1419
299 301
299 303
299 880
300 1348
300 301
300 302
300 303
300 1147
301 1932
301 302
301 304
302 1393
302 303
302 305
302 1369
302 1564
303 649
303 653
303 304
303 305
303 306
304 305
304 306
304 307
305 306
305 308
305 731
306 307
306 308
306 309
307 1230
307 309
307 310
308 514
308 1418
308 309
308 311
309 1513
309 1301
309 310
309 311
309 312
310 311
310 312
310 313
311 313
311 314
311 606
312 313
312 314
312 315
313 314
313 315
313 316
314 1991
314 315
314 317
315 316
315 317
315 318
315 960
316 317
316 318
316 319
317 1908
317 1143
317 318
317 319
318 321
318 1318
318 1576
318 1336
318 371
318 1368
318 320
319 322
319 998
320 321
320 322
320 323
320 1133
320 1980
321 322
321 1777
321 1681
322 323
322 324
322 1648
323 324
323 325
323 326
323 1003
323 1876
324 325
324 326
324 327
325 327
325 328
325 970
326 328
326 329
326 957
327 678
327 329
327 330
327 1371
328 1923
328 329
328 330
328 331
329 330
329 331
329 1928
329 793
330 331
330 332
330 333
330 1585
331 332
331 334
331 1929
332 1772
332 333
332 335
332 736
333 334
333 335
333 336
334 1324
334 335
334 336
334 337
335 1348
335 336
335 337
335 338
336 337
336 338
336 339
336 1271
337 744
337 339
337 340
338 340
339 1575
339 340
339 341
339 342
340 341
340 342
340 1685
341 1541
341 342
341 344
342 344
342 345
342 1722
343 1130
343 345
343 346
344 586
344 345
344 346
344 347
345 1463
345 346
345 348
346 1111
346 1714
346 347
346 348
347 1806
347 1746
347 348
347 703
348 353
348 1102
348 638
348 350
348 351
349 350
349 351
349 352
350 353
350 1449
350 713
350 1106
350 352
351 353
351 1516
351 990
351 352
352 353
352 354
352 1991
353 354
353 355
354 357
354 402
354 731
355 1507
355 356
355 358
356 357
356 358
356 689
356 1817
357 1080
357 1792
358 360
358 1911
359 360
359 361
359 362
360 361
360 1643
360 1979
361 362
361 1448
361 1286
362 804
362 364
362 1786
362 1696
363 1705
363 813
363 364
363 365
364 365
364 910
364 367
364 554
364 992
365 1293
365 366
365 368
366 1606
366 367
366 369
366 1359
366 1152
367 368
367 369
367 1982
368 1249
368 1991
368 1320
368 369
368 370
368 371
369 689
369 370
369 372
369 1144
370 644
370 755
370 371
370 372
370 373
371 1226
371 749
371 372
371 373
372 1893
372 373
372 374
373 374
373 375
373 376
373 1430
374 375
374 376
374 377
375 769
375 740
375 1967
375 1851
376 377
376 378
376 1758
377 647
377 378
377 379
377 1564
378 1057
378 379
378 381
379 882
379 1106
379 381
379 382
380 1987
380 381
380 382
381 1291
381 843
381 383
381 384
382 1153
382 1461
383 609
383 762
383 384
384 385
384 386
384 1703
384 1600
385 386
385 611
385 836
385 1646
386 387
386 389
386 518
386 1074
387 1795
387 388
387 389
387 558
388 1156
388 390
388 1151
389 392
389 948
389 696
389 1627
390 391
390 392
390 393
391 804
391 392
391 393
391 1175
392 393
392 394
392 395
392 1811
393 394
393 395
393 396
394 545
394 395
394 396
395 516
395 397
395 398
396 398
396 399
397 398
397 399
397 400
398 1314
398 400
398 401
399 400
399 401
399 1047
400 401
400 402
400 403
401 1834
401 403
401 404
401 697
401 1533
402 403
402 405
403 1413
403 404
403 405
403 406
404 405
404 406
404 407
405 1734
405 437
405 406
406 407
406 409
407 408
407 409
407 410
408 1506
408 1106
408 1717
408 409
408 410
409 410
409 411
409 412
410 1668
410 1351
410 411
410 447
411 1070
411 887
411 412
411 413
411 414
411 1920
412 475
412 413
412 414
412 415
413 1148
413 1294
413 414
413 416
414 417
414 479
414 415
415 417
415 1450
415 416
416 418
416 419
416 1947
417 418
417 419
417 1477
417 1837
418 419
418 421
418 1302
419 420
419 421
419 1003
420 421
420 422
420 423
420 1077
421 422
421 423
421 1405
421 479
422 423
422 424
422 425
422 444
423 424
423 425
423 426
423 507
423 1245
424 641
424 425
424 426
424 782
425 426
425 428
425 654
425 1300
425 1149
426 427
426 429
426 914
427 1345
427 428
427 429
427 633
428 430
428 431
428 681
428 469
429 430
429 432
429 1500
429 1579
430 706
430 431
430 433
430 1871
431 1682
431 432
431 433
431 816
431 1906
432 1121
432 434
432 1651
433 1609
433 434
433 436
433 1014
433 1398
434 436
434 437
434 1975
435 1795
435 1098
435 1968
435 437
435 473
436 1123
436 821
436 438
436 439
436 1558
437 1196
437 438
437 439
437 440
438 1806
438 659
438 494
438 439
438 440
438 441
439 440
439 441
439 442
440 999
440 1676
440 441
440 442
440 443
441 482
441 938
441 442
442 444
442 445
442 862
443 751
443 444
443 1440
444 1516
444 1020
444 445
444 704
445 495
445 446
445 447
446 449
446 447
446 448
447 1313
447 1623
447 448
448 449
448 450
448 451
449 450
449 451
449 1722
450 451
450 452
450 453
451 452
451 453
451 454
452 453
452 454
452 455
452 674
452 1330
452 1850
453 454
453 455
453 1510
454 1698
454 455
454 456
454 457
454 863
455 457
455 848
455 1202
456 457
456 458
456 459
457 458
457 459
457 460
457 1339
458 459
458 460
458 1187
459 1000
459 461
459 753
459 1529
460 461
460 462
460 1294
460 874
461 1900
461 1320
461 463
462 463
462 464
462 465
463 773
463 712
463 465
464 946
464 465
464 1472
465 1794
465 466
465 468
465 1303
466 468
466 469
466 1110
466 888
467 1922
467 469
467 470
468 1039
468 470
468 1536
469 1282
469 470
469 471
470 471
470 472
470 473
471 473
471 474
471 734
471 788
472 685
472 497
472 1401
472 474
472 475
473 1550
473 694
474 1413
474 476
474 477
475 1578
475 496
475 477
476 477
476 478
476 479
477 1321
477 907
477 878
477 1355
478 481
478 1125
478 554
478 544
478 479
478 480
479 481
479 983
479 480
480 482
480 1744
480 1785
480 1403
481 708
481 520
481 815
481 1072
481 1525
481 1558
481 1660
482 483
482 484
482 485
483 1185
483 484
483 485
483 486
484 485
484 486
484 487
485 487
485 488
485 790
486 673
486 487
487 488
487 489
487 490
487 1600
488 489
488 490
488 491
488 1244
488 1119
489 1701
489 490
489 1396
489 829
490 1794
490 493
490 1140
490 735
490 543
491 492
491 493
491 494
492 494
492 495
492 529
493 1134
493 495
493 1433
494 495
495 641
495 496
495 497
495 498
496 941
496 499
496 1466
497 1511
497 498
498 961
498 499
498 500
499 500
499 501
499 502
500 1154
500 501
500 502
500 503
500 1178
500 1983
501 778
501 502
501 504
502 1830
502 1784
502 505
503 1198
503 504
503 505
503 506
504 1328
504 505
504 507
505 1080
505 1101
505 507
505 508
506 1180
506 1105
506 507
506 508
506 509
506 702
507 508
507 510
508 1483
508 510
508 511
509 1446
509 510
509 511
509 512
510 1899
510 1326
510 511
510 512
511 513
511 1930
511 1978
512 514
512 515
512 1602
513 514
513 515
513 1314
514 515
514 516
515 516
515 517
515 518
515 1002
516 517
516 1703
516 1524
517 518
517 519
517 520
517 1291
518 1742
518 758
519 520
519 521
519 522
519 1160
520 521
520 522
520 523
521 937
521 523
521 524
521 1236
522 524
522 525
522 936
523 524
523 525
523 526
524 525
524 526
524 527
525 1641
525 526
525 527
525 528
526 969
526 1869
526 528
526 529
526 885
527 528
527 529
527 530
528 643
528 529
528 530
528 531
529 1190
529 532
529 1886
530 1329
530 531
530 533
530 1883
531 532
531 533
531 1431
532 533
532 535
533 1394
533 937
533 534
533 535
534 929
534 748
534 536
534 537
535 1697
535 866
535 1864
535 537
535 538
535 1371
536 537
536 538
536 539
537 1769
537 1873
537 539
538 600
538 1837
538 539
538 540
538 541
539 1612
539 540
539 541
539 542
540 541
540 542
540 543
541 709
541 542
541 544
542 545
542 543
542 544
543 1449
543 1946
543 544
544 545
544 547
544 1055
544 1792
545 1121
545 546
545 547
545 1541
546 547
546 548
546 549
547 549
547 832
547 688
547 960
548 549
548 551
548 1150
549 759
549 1276
550 1825
550 551
550 760
551 552
551 553
551 554
551 1065
552 553
552 554
552 555
553 554
553 555
553 556
553 1329
554 556
554 1563
555 556
555 557
555 558
556 578
556 558
556 564
557 558
557 559
557 560
557 1528
558 560
558 561
559 560
559 561
559 1304
560 1473
560 561
560 563
561 562
561 563
561 564
561 1456
562 869
562 850
562 563
562 564
562 565
563 564
563 565
563 566
564 1998
564 566
564 567
564 864
565 712
565 566
565 568
566 567
566 568
567 1928
567 1176
567 568
567 569
567 570
568 1889
568 581
568 569
568 570
568 571
569 570
569 571
569 572
570 1863
570 571
570 894
570 1663
571 1173
571 572
571 1821
571 574
572 1130
572 573
572 574
573 1700
573 881
573 574
573 575
573 576
574 577
574 1601
574 1799
574 682
574 576
575 577
575 1046
575 668
575 576
576 577
576 1649
576 823
577 1193
577 1745
577 1650
578 581
578 852
578 1782
578 1244
579 581
579 582
579 1531
580 581
580 583
580 1676
581 582
581 583
581 802
582 584
582 585
582 1649
583 584
583 585
583 586
584 1480
584 586
584 587
585 586
585 1715
585 1811
586 1387
586 588
587 588
587 590
587 1204
588 589
588 590
588 591
589 834
589 590
589 592
589 1183
590 591
590 592
590 593
591 625
591 1091
591 593
592 593
592 594
592 1459
593 1703
593 594
593 595
593 596
594 595
594 596
594 597
595 596
595 598
595 1273
596 597
596 599
597 598
597 1629
598 1004
598 600
598 601
598 608
599 1473
599 657
599 601
600 1734
600 601
601 602
601 603
601 604
601 704
602 603
602 604
602 605
603 604
603 605
604 1080
604 605
604 606
604 607
605 1458
605 607
605 608
606 609
606 607
606 608
607 610
607 1360
607 608
608 610
608 611
608 1278
608 1560
608 924
609 610
609 612
609 1046
610 611
610 612
610 613
611 612
611 613
612 614
612 680
612 1865
613 614
613 615
613 616
614 615
614 616
614 617
614 1787
615 999
615 616
615 618
616 617
616 618
616 619
617 618
617 619
617 620
617 1010
618 619
618 620
618 621
619 621
619 910
619 1133
619 697
620 621
620 622
620 623
621 1833
621 624
621 1615
622 623
622 624
622 625
623 1443
623 624
623 626
624 839
624 786
624 626
624 627
625 1764
625 626
625 1178
626 627
626 629
626 1376
627 1317
627 628
627 629
627 630
627 1680
627 1949
628 629
628 630
628 631
629 1771
629 630
629 632
630 631
630 632
630 633
630 1595
631 1614
631 632
631 634
632 633
632 634
632 635
633 634
633 636
634 635
634 636
634 637
635 1582
635 636
635 637
636 1876
636 637
636 639
637 638
637 639
637 640
638 641
638 1720
638 639
639 642
639 1576
639 640
640 641
640 642
640 643
641 643
641 644
642 644
642 645
642 1292
643 644
643 645
643 780
644 646
644 1736
645 647
645 648
645 723
646 647
646 648
646 649
646 1427
647 648
648 649
648 650
648 651
648 679
649 650
649 651
649 1130
650 1866
650 651
650 653
651 653
651 654
651 681
652 806
652 653
652 654
652 752
653 655
653 656
654 655
654 657
654 1566
655 1090
655 784
655 657
655 1369
656 1872
656 657
656 659
657 1160
657 658
657 659
657 1978
657 1598
658 1666
658 1511
658 659
659 1442
659 940
660 677
660 661
660 663
661 1453
661 662
661 663
662 1516
662 664
662 665
663 871
663 664
663 665
663 666
664 665
664 666
664 667
665 1123
665 667
665 668
665 1693
666 1529
666 667
666 668
667 668
667 669
667 670
668 669
668 670
668 671
669 816
669 671
670 1444
670 1797
670 1582
670 980
670 671
671 673
671 674
671 672
672 674
672 1858
672 1677
673 674
673 675
673 676
674 675
674 677
674 957
675 677
675 678
675 1072
676 1795
676 678
676 679
676 1780
677 1573
677 679
677 680
677 1163
677 1366
678 933
678 681
679 1158
679 681
679 1777
680 681
680 682
680 1843
680 726
681 682
681 683
681 684
681 1741
682 683
682 684
682 685
683 801
683 1383
683 684
683 819
684 685
684 686
684 1973
685 687
685 688
686 687
686 688
686 689
687 1157
687 690
688 689
688 691
688 1054
689 690
689 691
689 692
689 990
690 1155
690 1362
690 691
691 694
691 1311
692 693
692 694
692 695
692 1690
693 694
693 695
693 696
694 695
694 696
694 1440
695 1330
695 697
695 698
696 697
696 698
697 1975
697 698
697 699
698 1319
698 1226
698 701
699 700
699 701
699 702
700 1512
700 701
700 703
701 702
701 703
701 704
702 1185
702 704
703 706
703 1410
703 704
704 1523
705 1473
705 706
705 708
705 1196
705 856
706 707
706 1059
706 709
706 1051
707 708
707 709
707 1450
708 1956
708 709
708 710
709 710
709 712
709 1821
710 711
710 712
710 713
710 777
711 714
711 1276
711 1919
712 1153
712 1860
712 808
712 1361
712 1471
713 714
713 728
714 1220
714 715
714 716
715 717
715 718
715 1553
716 1996
716 718
716 719
716 861
717 718
717 719
717 720
717 1941
718 1256
718 720
718 952
718 856
719 1346
719 813
719 721
720 721
720 1781
720 1816
720 1149
720 1407
721 1737
721 722
721 723
722 1364
722 723
722 724
722 725
722 1309
723 1572
723 906
723 724
723 725
724 725
724 727
724 1465
725 727
725 728
725 1940
726 1554
726 727
726 728
727 1924
727 728
727 729
727 730
728 729
728 730
728 731
729 963
729 1347
729 1906
729 730
730 732
730 733
731 1636
731 732
731 733
732 1328
732 733
732 734
732 1663
733 903
733 734
733 735
734 737
734 772
734 1895
734 1039
734 1146
735 738
735 1709
736 738
736 739
736 1070
737 738
737 740
737 1647
738 739
738 740
738 741
739 740
739 741
739 742
740 1604
740 743
740 1289
740 1620
740 1688
741 742
741 744
741 1388
742 744
742 1054
742 1983
743 744
743 745
743 746
744 745
744 746
744 747
745 746
745 1551
745 922
746 747
746 748
746 749
746 1454
746 1438
747 779
747 749
747 750
748 1377
748 750
748 751
748 1424
748 1587
749 750
749 1785
749 1721
750 752
750 753
750 1851
750 1024
751 1901
751 752
751 754
752 753
752 754
752 755
753 755
753 756
754 755
754 757
755 758
755 1301
756 1769
756 1903
756 758
756 1398
757 758
757 759
757 760
758 837
758 760
758 1886
759 760
759 761
759 1887
760 1237
760 1273
760 761
760 762
760 763
761 1204
761 762
761 764
761 767
762 763
762 764
762 765
763 865
763 764
763 765
764 1865
764 1461
764 1142
764 766
765 987
765 767
765 768
766 769
766 1301
766 767
767 769
767 1554
767 768
768 769
768 770
768 771
768 1107
769 771
769 772
770 771
770 772
770 869
771 772
771 1350
771 879
771 1464
771 1979
771 960
772 774
772 1025
773 774
773 776
774 775
774 776
774 777
774 1947
775 776
775 777
775 778
776 777
776 779
776 1744
777 778
777 894
778 1317
778 779
778 951
779 1893
779 780
779 1605
779 1982
780 782
780 783
780 1738
781 782
781 783
781 784
782 783
782 784
783 1838
783 784
783 785
784 785
784 786
784 1625
785 875
785 1585
785 787
785 788
785 1504
786 995
786 1490
786 787
786 788
787 788
787 789
787 1637
787 1008
788 840
788 789
788 790
788 791
789 1168
789 1141
789 790
789 792
790 823
790 792
790 793
790 1823
791 792
791 793
791 794
792 793
792 794
792 795
793 1315
793 1487
793 794
794 795
794 796
795 796
795 797
795 798
796 797
796 798
796 1920
797 799
797 800
798 1936
798 799
799 801
799 1623
799 1370
799 800
800 802
800 803
800 1445
800 1033
800 1984
801 802
801 804
801 1114
802 804
802 805
802 1541
803 804
804 807
804 1024
805 806
805 808
805 1484
806 809
807 808
807 809
807 1536
808 809
808 810
808 1326
808 1615
808 1589
809 995
809 810
809 811
810 813
811 812
811 814
812 814
812 1306
812 1820
812 1535
813 1923
813 1190
813 814
813 816
814 815
814 816
814 817
815 1325
815 816
815 817
816 1260
816 817
816 819
816 1688
817 1480
817 818
817 820
818 819
818 820
818 821
819 820
819 821
819 822
819 1815
820 879
820 821
820 822
820 1210
821 822
821 823
821 824
822 823
822 824
822 825
823 824
823 826
824 1122
824 1869
824 825
824 826
824 827
825 1601
825 1798
825 1130
825 972
826 1244
826 827
826 828
826 829
827 1683
827 828
827 830
828 1239
828 829
828 830
828 831
829 830
829 831
829 832
830 833
830 952
830 1530
830 832
831 833
831 1251
831 940
831 983
831 832
832 833
832 834
832 835
833 834
833 835
833 836
834 835
834 837
834 861
835 837
835 838
835 1183
836 837
836 838
836 839
837 838
837 839
837 840
838 839
838 841
838 1352
838 899
839 842
839 1547
840 842
840 843
841 842
841 843
841 844
842 844
842 845
842 1522
843 844
843 846
844 845
844 846
844 847
845 846
845 847
845 1816
846 847
846 848
846 849
847 848
847 849
847 850
848 1546
848 850
848 1007
849 1642
849 850
849 852
850 851
850 852
851 852
851 853
851 854
852 853
852 854
852 855
853 1955
853 854
853 855
853 856
854 1701
854 856
854 857
854 1247
855 1367
855 858
856 857
856 859
857 902
857 1269
857 858
857 860
857 1430
858 1192
858 873
858 859
858 861
859 1965
859 1166
859 1463
859 860
859 862
860 861
860 862
860 863
861 1404
861 1322
861 1261
861 1110
862 865
862 1267
862 1213
862 863
862 864
863 866
863 1212
863 1477
863 1524
863 864
864 866
864 867
865 866
865 868
865 927
866 1414
866 887
867 1923
867 868
867 869
867 1128
868 1762
868 869
868 870
868 871
869 870
869 872
870 871
870 872
870 873
870 1897
870 1220
871 872
871 873
872 873
872 875
872 1840
872 999
873 874
873 876
873 1428
874 877
874 1828
875 1603
875 878
875 1597
876 1858
876 1699
876 877
876 1786
877 878
877 879
877 880
878 1841
878 879
878 880
878 881
879 1636
879 880
879 882
880 1964
880 881
880 883
880 1046
880 1369
881 1038
881 883
881 1326
882 883
882 884
883 885
883 1749
884 885
884 886
884 887
885 887
885 888
885 1855
886 1877
886 887
886 888
886 889
887 889
887 890
888 889
889 1029
889 1587
889 1401
889 890
889 892
890 891
890 892
890 893
891 892
891 894
892 965
892 894
892 895
893 894
893 895
893 896
894 1556
894 895
894 896
895 897
895 898
895 1956
895 896
896 898
896 899
897 898
897 899
897 900
898 900
898 1516
899 900
899 901
899 1348
899 1851
900 901
900 902
900 903
901 902
901 903
901 904
902 1377
902 903
902 904
902 1084
903 904
903 905
903 906
904 905
904 906
904 907
905 1162
905 907
905 1678
906 907
906 908
906 909
906 1850
907 908
907 909
907 910
908 910
908 911
908 1016
908 1467
909 910
909 911
909 912
910 913
910 1782
911 912
911 913
911 914
912 913
912 914
912 915
913 914
913 915
913 1942
914 916
914 1943
914 1886
915 916
915 917
916 1673
916 1871
916 917
916 918
916 919
917 918
917 919
917 920
918 1369
918 919
918 921
919 920
919 921
919 922
920 1912
920 922
920 923
921 922
921 923
921 924
921 1211
922 923
922 924
923 1613
923 924
923 925
923 926
924 1091
924 925
924 927
925 1364
925 927
925 928
926 1673
926 928
927 929
927 1088
927 1205
927 928
928 929
928 1346
928 1172
929 931
929 932
929 1085
930 1185
930 931
930 932
931 1699
931 932
931 934
932 933
932 934
932 1262
932 1235
932 1653
933 934
933 935
933 936
934 937
934 1137
935 936
935 937
935 1392
935 1684
936 937
936 938
936 939
937 1558
938 1705
938 941
938 1268
939 940
939 941
939 1307
940 941
940 943
941 943
941 944
941 1398
942 943
942 944
942 945
943 944
943 945
943 946
943 1979
944 945
944 946
944 947
945 1938
945 946
945 947
945 1904
946 1737
946 1483
946 1263
946 1717
947 948
947 949
947 950
948 949
948 950
948 951
949 1863
949 950
949 951
950 951
950 952
950 953
951 1316
951 953
951 954
951 1632
952 1118
952 955
953 1980
953 1036
953 1497
953 955
954 955
954 956
954 957
955 1412
955 1291
955 956
956 1230
956 1077
956 957
956 1502
957 1120
957 1972
957 1949
957 960
958 961
958 959
958 960
959 961
959 962
959 960
960 962
961 963
961 1387
961 1876
961 1531
962 963
962 965
962 1103
963 964
963 966
963 1164
963 1881
964 965
964 966
964 967
965 966
965 967
965 968
966 967
966 968
966 969
967 1351
967 968
967 969
967 1073
967 1623
967 1017
967 1758
968 969
968 970
968 971
968 1325
968 1812
969 970
969 971
969 1238
970 971
970 973
970 1579
971 972
971 973
971 974
971 1898
972 974
972 975
972 1714
973 974
973 975
973 976
974 975
974 977
974 1374
975 1123
975 1042
975 976
975 978
975 1533
976 1186
976 1734
976 978
976 1151
977 978
977 979
977 980
978 979
978 980
979 980
979 981
979 982
980 981
980 982
980 983
981 1010
981 982
981 984
981 1206
982 983
982 984
982 985
983 1747
983 986
984 985
984 986
984 987
985 986
985 988
985 1887
986 987
986 988
986 989
987 1263
987 988
987 989
988 1584
988 1812
988 990
989 990
989 991
989 992
990 993
990 1895
991 993
991 1668
991 992
992 995
993 994
993 995
993 996
993 1073
994 995
994 996
994 997
995 996
995 998
996 997
996 998
996 1349
997 998
997 999
997 1000
998 999
998 1134
998 1895
999 1833
999 1002
999 1077
1000 1001
1000 1002
1000 1003
1001 1002
1001 1003
1001 1004
1002 1004
1002 1187
1002 1503
1003 1005
1003 1006
1004 1005
1004 1006
1004 1661
1005 1006
1005 1295
1005 1008
1005 1213
1006 1007
1006 1008
1006 1009
1007 1008
1007 1010
1007 1626
1008 1010
1008 1011
1009 1010
1009 1011
1009 1823
1010 1834
1010 1013
1011 1012
1011 1013
1011 1014
1011 1882
1012 1013
1012 1014
1012 1015
1013 1779
1013 1014
1013 1015
1014 1132
1014 1016
1014 1017
1015 1458
1015 1016
1015 1018
1016 1017
1016 1018
1017 1018
1017 1020
1018 1052
1018 1356
1018 1019
1018 1020
1019 1185
1019 1020
1019 1021
1020 1022
1020 1023
1021 1549
1021 1781
1021 1022
1021 1023
1022 1025
1022 1023
1022 1024
1023 1025
1023 1026
1024 1026
1024 1027
1024 1316
1025 1026
1025 1027
1025 1868
1026 1027
1026 1029
1026 1226
1027 1028
1027 1029
1027 1030
1028 1029
1028 1030
1028 1031
1029 1030
1029 1031
1029 1127
1029 1600
1030 1032
1030 1033
1030 1277
1031 1993
1031 1034
1031 1167
1032 1034
1032 1035
1032 1299
1032 1174
1033 1034
1033 1035
1033 1036
1034 1035
1034 1036
1034 1037
1034 1055
1035 1037
1035 1038
1035 1394
1036 1037
1036 1038
1036 1039
1037 1038
1037 1039
1037 1040
1038 1039
1038 1040
1038 1041
1039 1042
1039 1594
1040 1697
1040 1042
1040 1695
1041 1292
1041 1584
1041 1043
1041 1044
1042 1043
1043 1773
1043 1044
1043 1046
1044 1045
1044 1046
1044 1047
1045 1046
1045 1047
1046 1048
1047 1048
1047 1049
1048 1049
1048 1050
1048 1051
1049 1205
1049 1050
1049 1051
1050 1473
1050 1052
1050 1053
1051 1893
1051 1880
1051 1052
1051 1054
1052 1872
1052 1053
1052 1054
1053 1534
1053 1054
1053 1056
1054 1057
1054 1056
1055 1056
1056 1057
1056 1058
1056 1059
1057 1726
1058 1059
1058 1060
1058 1061
1058 1274
1059 1060
1059 1061
1059 1062
1060 1061
1060 1062
1060 1702
1061 1062
1061 1063
1061 1064
1061 1436
1062 1063
1062 1064
1062 1552
1062 1297
1062 1430
1063 1064
1063 1065
1063 1066
1063 1909
1063 1502
1064 1065
1064 1066
1064 1067
1064 1258
1065 1066
1065 1068
1066 1067
1066 1068
1066 1069
1066 1559
1066 1785
1067 1069
1067 1070
1067 1680
1068 1069
1068 1070
1068 1071
1069 1603
1069 1895
1069 1071
1069 1072
1070 1801
1070 1071
1070 1072
1071 1986
1071 1072
1071 1073
1071 1183
1072 1073
1072 1075
1072 1078
1073 1074
1074 1076
1075 1577
1075 1076
1075 1077
1076 1857
1076 1612
1076 1077
1076 1078
1077 1966
1077 1079
1078 1382
1078 1080
1078 1081
1078 1341
1079 1552
1079 1080
1079 1081
1079 1082
1080 1081
1080 1083
1081 1082
1081 1083
1081 1084
1082 1253
1082 1972
1082 1085
1083 1595
1083 1084
1083 1085
1084 1412
1084 1147
1084 1086
1084 1087
1085 1355
1085 1088
1086 1089
1086 1087
1086 1088
1087 1089
1087 1090
1087 1289
1088 1089
1088 1090
1089 1090
1089 1091
1089 1092
1089 1386
1090 1092
1090 1093
1090 1831
1090 1768
1091 1092
1091 1093
1091 1639
1091 1591
1092 1094
1092 1095
1092 1708
1092 1583
1092 1622
1092 1600
1093 1857
1093 1094
1093 1095
1093 1096
1094 1096
1094 1097
1094 1531
1095 1096
1095 1097
1095 1098
1096 1097
1096 1098
1096 1099
1097 1857
1097 1100
1098 1100
1098 1101
1098 1174
1099 1102
1100 1101
1100 1103
1100 1361
1101 1102
1101 1103
1102 1103
1102 1104
1103 1104
1103 1105
1103 1106
1104 1345
1104 1105
1104 1106
1104 1107
1105 1675
1106 1108
1106 1109
1107 1135
1107 1109
1107 1434
1108 1109
1108 1110
1109 1900
1109 1909
1109 1110
1109 1111
1109 1112
1110 1111
1110 1112
1111 1670
1111 1113
1111 1114
1112 1301
1112 1396
1112 1113
1112 1114
1113 1115
1113 1116
1114 1116
1114 1117
1115 1181
1115 1116
1115 1117
1115 1118
1116 1306
1116 1118
1116 1119
1117 1848
1117 1119
1117 1120
1118 1121
1118 1199
1118 1119
1119 1121
1120 1121
1120 1253
1121 1122
1121 1123
1121 1124
1122 1124
1122 1472
1123 1125
1123 1126
1123 1353
1124 1125
1124 1126
1124 1942
1125 1127
1125 1332
1125 1365
1126 1127
1126 1128
1126 1129
1127 1128
1127 1129
1128 1129
1128 1387
1129 1130
1129 1131
1129 1132
1130 1641
1130 1132
1130 1133
1131 1134
1131 1408
1132 1134
1132 1200
1133 1218
1133 1134
1133 1135
1134 1135
1134 1136
1134 1137
1135 1136
1135 1137
1135 1138
1136 1137
1136 1138
1136 1139
1137 1331
1137 1138
1137 1139
1138 1139
1138 1140
1138 1141
1139 1779
1139 1141
1139 1533
1140 1141
1140 1142
1140 1143
1141 1142
1141 1143
1141 1144
1142 1143
1142 1144
1142 1984
1143 1145
1143 1146
1144 1634
1144 1147
1144 1312
1145 1146
1145 1147
1145 1148
1146 1147
1146 1148
1147 1149
1148 1150
1148 1151
1149 1152
1150 1153
1150 1151
1150 1152
1151 1153
1151 1154
1151 1255
1152 1154
1152 1155
1152 1620
1153 1154
1153 1155
1153 1156
1154 1155
1154 1156
1155 1202
1155 1692
1156 1157
1156 1159
1157 1158
1157 1159
1157 1160
1158 1159
1158 1161
1158 1938
1159 1160
1159 1162
1159 1207
1159 1797
1159 1279
1160 1161
1161 1162
1161 1163
1161 1164
1162 1163
1163 1164
1163 1165
1164 1165
1164 1983
1165 1774
1165 1166
1165 1167
1165 1648
1166 1167
1166 1169
1167 1769
1167 1168
1167 1170
1168 1169
1169 1170
1169 1171
1169 1172
1170 1543
1170 1171
1170 1172
1170 1173
1171 1172
1171 1173
1171 1174
1172 1174
1172 1175
1172 1945
1172 1662
1173 1989
1173 1174
1173 1176
1173 1695
1174 1177
1175 1176
1175 1178
1176 1838
1176 1179
1177 1178
1177 1179
1177 1180
1177 1718
1178 1441
1178 1901
1178 1180
1178 1181
1179 1764
1179 1180
1179 1181
1179 1182
1180 1528
1180 1183
1181 1182
1181 1183
1182 1915
1182 1183
1182 1184
1183 1185
1183 1186
1183 1184
1184 1185
1186 1187
1186 1188
1186 1652
1187 1803
1188 1189
1188 1190
1188 1191
1189 1190
1189 1191
1189 1621
1189 1402
1190 1603
1190 1381
1191 1192
1191 1193
1191 1450
1192 1193
1192 1194
1192 1195
1193 1194
1193 1195
1193 1196
1194 1196
1194 1197
1194 1403
1195 1196
1195 1197
1195 1301
1196 1198
1197 1198
1197 1200
1198 1647
1198 1200
1199 1200
1199 1201
1199 1202
1200 1709
1200 1201
1200 1203
1200 1755
1201 1735
1201 1202
1201 1203
1201 1204
1202 1204
1203 1204
1203 1205
1203 1206
1204 1828
1204 1205
1204 1207
1205 1206
1205 1207
1205 1208
1206 1834
1206 1486
1206 1207
1206 1208
1206 1468
1207 1208
1207 1209
1207 1210
1208 1707
1208 1744
1208 1209
1208 1210
1209 1756
1209 1224
1209 1323
1209 1210
1209 1212
1210 1211
1210 1212
1210 1213
1210 1663
1211 1213
1211 1214
1212 1213
1212 1215
1213 1243
1213 1214
1213 1216
1214 1217
1214 1215
1214 1216
1215 1217
1215 1218
1215 1664
1215 1904
1215 1216
1216 1217
1216 1218
1216 1219
1216 1601
1217 1218
1217 1219
1217 1220
1218 1219
1218 1261
1218 1710
1218 1725
1219 1220
1219 1221
1219 1222
1219 1578
1219 1970
1220 1221
1220 1223
1220 1633
1221 1222
1221 1223
1221 1224
1222 1223
1222 1224
1222 1225
1222 1898
1223 1224
1223 1225
1223 1226
1224 1225
1224 1227
1225 1227
1225 1592
1225 1383
1226 1227
1226 1228
1227 1228
1227 1230
1228 1229
1228 1231
1228 1660
1229 1230
1229 1231
1229 1232
1230 1231
1230 1233
1230 1663
1231 1804
1231 1232
1231 1233
1231 1234
1232 1233
1232 1234
1232 1235
1232 1594
1233 1317
1233 1864
1233 1236
1234 1235
1234 1237
1235 1236
1235 1237
1235 1238
1236 1964
1236 1237
1236 1239
1237 1240
1238 1239
1238 1240
1239 1240
1239 1241
1240 1940
1240 1241
1240 1242
1240 1243
1241 1242
1241 1243
1241 1244
1242 1316
1242 1243
1242 1244
1243 1730
1243 1245
1243 1246
1245 1246
1246 1249
1246 1247
1246 1248
1247 1249
1247 1890
1247 1248
1248 1249
1248 1250
1248 1251
1249 1250
1249 1252
1250 1251
1250 1253
1250 1510
1251 1252
1251 1253
1251 1819
1252 1253
1252 1254
1252 1255
1252 1627
1253 1254
1253 1255
1253 1256
1254 1255
1254 1256
1254 1257
1255 1256
1255 1258
1255 1770
1255 1886
1256 1258
1256 1259
1256 1364
1257 1258
1257 1259
1257 1260
1258 1259
1258 1260
1259 1261
1259 1295
1260 1262
1260 1263
1261 1262
1261 1263
1262 1264
1262 1265
1262 1848
1262 1979
1262 1424
1263 1667
1263 1264
1263 1265
1264 1833
1264 1266
1264 1344
1265 1266
1265 1267
1265 1268
1266 1268
1266 1269
1267 1269
1267 1270
1267 1371
1268 1485
1268 1269
1268 1270
1268 1271
1269 1486
1269 1271
1269 1620
1270 1271
1270 1272
1270 1273
1271 1273
1272 1995
1272 1273
1272 1274
1272 1275
1273 1276
1274 1275
1274 1276
1275 1747
1275 1278
1275 1439
1276 1663
1276 1278
1276 1279
1277 1278
1277 1279
1277 1280
1278 1281
1278 1279
1278 1280
1279 1282
1280 1281
1280 1282
1280 1283
1281 1282
1281 1283
1281 1284
1281 1464
1282 1283
1282 1284
1283 1284
1283 1285
1283 1499
1284 1285
1284 1286
1284 1287
1285 1286
1285 1287
1285 1288
1285 1639
1286 1415
1286 1288
1286 1289
1286 1957
1287 1288
1287 1290
1287 1489
1288 1289
1288 1290
1288 1291
1289 1290
1289 1291
1290 1606
1290 1291
1290 1292
1290 1307
1291 1677
1291 1294
1291 1392
1292 1293
1292 1294
1293 1294
1293 1295
1293 1874
1294 1357
1294 1295
1294 1296
1295 1296
1296 1297
1296 1298
1296 1299
1297 1299
1297 1300
1298 1575
1298 1299
1298 1300
1299 1300
1299 1302
1299 1978
1300 1303
1300 1624
1301 1302
1301 1304
1302 1303
1302 1304
1303 1428
1303 1305
1304 1305
1304 1307
1304 1757
1305 1307
1305 1308
1306 1497
1306 1307
1306 1309
1307 1566
1307 1331
1307 1309
1308 1505
1308 1309
1308 1310
1309 1794
1309 1310
1309 1312
1310 1470
1310 1311
1311 1313
1311 1496
1312 1313
1312 1315
1313 1314
1313 1315
1313 1316
1314 1315
1314 1317
1314 1727
1315 1317
1315 1318
1315 1976
1316 1317
1316 1318
1316 1319
1316 1481
1316 1656
1317 1610
1317 1715
1317 1343
1318 1319
1318 1321
1319 1601
1319 1322
1319 1498
1320 1322
1320 1913
1321 1323
1321 1324
1322 1352
1322 1323
1322 1324
1322 1325
1323 1324
1323 1325
1323 1326
1324 1326
1324 1327
1324 1520
1325 1328
1326 1327
1327 1328
1327 1329
1327 1330
1328 1329
1328 1330
1328 1331
1328 1911
1328 1818
1329 1926
1329 1330
1329 1332
1330 1331
1330 1333
1331 1332
1331 1333
1331 1334
1332 1333
1332 1335
1332 1624
1333 1334
1333 1335
1333 1336
1334 1933
1334 1337
1335 1336
1335 1337
1335 1338
1336 1652
1336 1337
1336 1338
1336 1884
1337 1338
1337 1340
1337 1686
1338 1991
1338 1341
1339 1340
1339 1342
1340 1341
1340 1342
1340 1343
1341 1342
1341 1344
1342 1345
1342 1352
1342 1651
1342 1344
1343 1345
1343 1346
1343 1746
1344 1345
1344 1346
1344 1347
1344 1482
1344 1408
1345 1346
1345 1348
1346 1347
1346 1348
1347 1348
1347 1349
1347 1589
1348 1350
1349 1350
1349 1351
1349 1352
1350 1351
1350 1353
1351 1352
1351 1353
1351 1989
1353 1355
1353 1356
1354 1355
1354 1356
1354 1357
1355 1796
1355 1356
1355 1358
1355 1523
1356 1996
1356 1358
1356 1359
1357 1359
1357 1360
1358 1359
1358 1361
1358 1728
1359 1360
1359 1361
1360 1633
1360 1361
1360 1362
1360 1363
1361 1363
1361 1364
1362 1363
1362 1364
1362 1365
1363 1364
1363 1365
1363 1366
1364 1365
1364 1366
1365 1367
1365 1368
1366 1367
1366 1368
1366 1369
1367 1368
1367 1369
1367 1370
1368 1370
1368 1371
1369 1864
1369 1515
1369 1370
1370 1371
1370 1373
1371 1372
1372 1949
1372 1434
1372 1373
1372 1374
1373 1720
1373 1374
1373 1375
1373 1376
1374 1375
1374 1376
1375 1378
1375 1954
1375 1376
1376 1377
1376 1378
1376 1379
1376 1702
1376 1704
1377 1379
1378 1380
1378 1381
1378 1760
1379 1380
1379 1910
1380 1381
1380 1383
1380 1440
1381 1382
1381 1383
1381 1384
1382 1384
1382 1562
1383 1384
1383 1385
1383 1911
1384 1385
1384 1386
1384 1387
1385 1386
1385 1387
1385 1388
1386 1388
1386 1389
1387 1388
1387 1390
1388 1389
1388 1390
1388 1391
1389 1390
1389 1391
1389 1392
1390 1391
1390 1392
1390 1393
1391 1392
1391 1393
1391 1394
1392 1393
1392 1728
1393 1394
1393 1396
1393 1880
1393 1504
1394 1395
1394 1397
1395 1409
1395 1843
1395 1396
1395 1397
1396 1459
1396 1687
1397 1398
1397 1399
1397 1400
1398 1400
1398 1401
1398 1499
1399 1400
1399 1401
1399 1402
1400 1401
1400 1403
1401 1402
1401 1403
1402 1404
1402 1405
1403 1405
1403 1406
1404 1889
1404 1405
1404 1407
1405 1406
1405 1407
1405 1408
1406 1409
1406 1407
1406 1408
1407 1409
1407 1410
1407 1408
1408 1411
1409 1410
1409 1411
1409 1412
1410 1411
1410 1412
1410 1413
1411 1412
1411 1413
1411 1414
1412 1413
1412 1414
1412 1559
1412 1893
1413 1415
1413 1416
1413 1614
1414 1671
1414 1415
1414 1417
1414 1519
1415 1416
1416 1417
1416 1418
1416 1419
1417 1419
1417 1420
1417 1597
1418 1419
1418 1420
1418 1421
1419 1421
1419 1422
1420 1422
1420 1423
1420 1760
1421 1825
1421 1422
1421 1423
1422 1423
1422 1424
1422 1425
1422 1776
1423 1425
1423 1426
1424 1553
1424 1427
1424 1723
1425 1426
1425 1427
1425 1428
1426 1427
1426 1428
1426 1429
1427 1890
1427 1428
1427 1534
1428 1429
1428 1431
1429 1830
1429 1430
1429 1431
1429 1432
1430 1621
1431 1432
1431 1433
1431 1434
1432 1433
1432 1434
1432 1435
1433 1434
1433 1435
1434 1435
1435 1436
1435 1437
1436 1482
1436 1519
1437 1438
1437 1439
1437 1440
1438 1439
1438 1440
1439 1440
1440 1441
1440 1442
1441 1442
1441 1443
1442 1443
1442 1444
1442 1445
1443 1444
1443 1445
1444 1445
1444 1447
1445 1446
1445 1448
1446 1449
1447 1448
1447 1449
1447 1450
1448 1449
1448 1450
1448 1451
1449 1450
1449 1451
1450 1451
1450 1452
1451 1452
1451 1453
1451 1454
1452 1701
1452 1990
1452 1453
1452 1455
1453 1634
1453 1454
1453 1455
1453 1456
1454 1455
1454 1456
1455 1457
1455 1458
1455 1980
1456 1765
1456 1457
1457 1458
1457 1459
1457 1460
1458 1676
1458 1460
1458 1461
1459 1498
1460 1461
1460 1462
1460 1463
1461 1462
1461 1464
1462 1463
1462 1464
1462 1465
1463 1465
1463 1466
1464 1961
1464 1803
1464 1465
1464 1467
1464 1750
1465 1466
1465 1467
1465 1468
1466 1468
1466 1469
1467 1469
1467 1470
1468 1908
1468 1469
1469 1470
1469 1471
1469 1472
1470 1473
1470 1471
1470 1472
1471 1473
1471 1474
1471 1790
1472 1473
1472 1474
1472 1475
1473 1474
1473 1475
1473 1476
1474 1476
1474 1477
1474 1683
1475 1477
1475 1478
1476 1477
1476 1478
1476 1479
1477 1480
1477 1769
1478 1479
1478 1480
1478 1481
1479 1480
1479 1481
1479 1482
1479 1887
1480 1481
1480 1821
1481 1482
1481 1483
1482 1483
1482 1485
1483 1484
1483 1485
1483 1486
1484 1485
1484 1486
1484 1487
1485 1487
1485 1488
1486 1487
1486 1488
1486 1489
1487 1836
1487 1489
1487 1490
1488 1489
1488 1490
1488 1491
1489 1673
1489 1491
1490 1491
1490 1492
1490 1493
1491 1493
1491 1494
1491 1904
1492 1582
1492 1493
1492 1495
1492 1887
1493 1494
1493 1495
1493 1496
1494 1495
1494 1496
1494 1497
1494 1786
1494 1532
1495 1704
1495 1496
1495 1498
1496 1606
1496 1945
1496 1497
1497 1498
1497 1499
1497 1500
1498 1499
1498 1500
1498 1501
1499 1502
1500 1501
1500 1502
1500 1503
1501 1502
1501 1503
1501 1504
1502 1505
1502 1503
1503 1506
1503 1669
1503 1504
1504 1506
1504 1759
1505 1506
1505 1507
1505 1508
1506 1508
1506 1509
1507 1707
1508 1510
1508 1681
1508 1533
1509 1511
1509 1512
1509 1677
1510 1511
1510 1512
1510 1855
1511 1512
1511 1513
1511 1514
1511 1900
1511 1878
1512 1513
1512 1514
1512 1515
1513 1669
1513 1514
1513 1515
1514 1515
1514 1516
1514 1517
1515 1517
1515 1518
1516 1519
1517 1519
1517 1520
1518 1519
1518 1520
1518 1521
1519 1520
1519 1521
1519 1522
1520 1522
1520 1523
1521 1838
1521 1522
1521 1523
1521 1524
1522 1523
1522 1524
1522 1525
1523 1611
1524 1526
1524 1527
1525 1775
1525 1526
1525 1528
1526 1913
1526 1528
1526 1529
1527 1528
1527 1529
1528 1529
1528 1531
1529 1530
1529 1532
1530 1532
1530 1533
1531 1532
1531 1533
1531 1534
1532 1533
1532 1535
1533 1803
1533 1534
1534 1535
1534 1536
1535 1558
1535 1536
1536 1537
1536 1993
1537 1538
1537 1539
1537 1540
1538 1539
1538 1540
1538 1541
1539 1540
1539 1541
1539 1542
1540 1542
1540 1543
1541 1542
1541 1747
1542 1543
1542 1544
1542 1545
1543 1545
1543 1669
1544 1545
1544 1546
1544 1547
1544 1587
1545 1546
1545 1547
1545 1548
1546 1670
1546 1547
1546 1548
1547 1549
1547 1550
1547 1556
1548 1549
1548 1550
1548 1551
1549 1550
1549 1551
1549 1552
1550 1551
1550 1552
1550 1553
1551 1839
1551 1552
1551 1553
1551 1554
1552 1553
1552 1554
1553 1556
1554 1555
1554 1557
1554 1728
1555 1556
1555 1557
1555 1558
1556 1557
1556 1558
1557 1558
1557 1559
1557 1560
1558 1560
1558 1561
1559 1562
1560 1606
1560 1563
1561 1562
1561 1563
1561 1564
1562 1563
1562 1564
1562 1565
1563 1565
1563 1566
1564 1566
1564 1567
1565 1585
1565 1918
1566 1569
1567 1569
1567 1570
1567 1568
1568 1569
1568 1571
1569 1570
1569 1571
1569 1572
1570 1571
1570 1572
1570 1741
1571 1572
1571 1573
1571 1574
1572 1574
1573 1574
1573 1575
1574 1576
1574 1577
1574 1905
1575 1577
1575 1578
1576 1577
1576 1578
1577 1578
1577 1580
1577 1999
1578 1579
1578 1580
1579 1580
1580 1581
1580 1582
1580 1583
1581 1798
1581 1582
1581 1583
1581 1584
1582 1971
1583 1584
1583 1586
1584 1585
1584 1587
1585 1586
1586 1587
1586 1588
1586 1589
1588 1842
1588 1590
1588 1591
1589 1590
1590 1591
1590 1592
1590 1593
1591 1714
1591 1592
1591 1594
1592 1594
1592 1595
1593 1752
1593 1594
1593 1596
1594 1843
1594 1597
1595 1596
1595 1597
1596 1630
1596 1597
1596 1598
1597 1598
1598 1601
1598 1599
1598 1600
1599 1601
1599 1602
1599 1600
1601 1771
1602 1603
1602 1604
1602 1605
1602 1639
1602 1716
1603 1604
1603 1605
1603 1606
1604 1605
1604 1606
1605 1606
1605 1608
1606 1608
1607 1608
1607 1609
1607 1610
1607 1644
1608 1609
1608 1610
1608 1611
1608 1905
1609 1957
1609 1610
1609 1612
1610 1611
1610 1612
1610 1613
1611 1612
1611 1613
1611 1614
1612 1614
1612 1682
1613 1614
1613 1616
1614 1616
1614 1617
1615 1616
1615 1617
1615 1618
1616 1702
1616 1617
1616 1619
1617 1618
1617 1619
1617 1620
1617 1844
1618 1621
1619 1620
1619 1621
1619 1622
1620 1968
1620 1622
1621 1622
1621 1623
1622 1623
1622 1625
1623 1624
1623 1625
1623 1631
1624 1625
1624 1627
1625 1626
1625 1627
1626 1627
1626 1628
1626 1629
1627 1628
1627 1629
1628 1680
1628 1629
1628 1630
1629 1731
1629 1630
1629 1632
1630 1633
1630 1631
1630 1632
1631 1634
1631 1632
1632 1633
1632 1634
1633 1635
1633 1731
1634 1635
1634 1637
1635 1636
1635 1638
1635 1734
1636 1638
1637 1638
1637 1639
1638 1639
1638 1640
1638 1641
1640 1641
1640 1642
1640 1643
1641 1644
1641 1736
1642 1643
1642 1645
1643 1644
1643 1645
1643 1646
1644 1645
1644 1646
1645 1964
1645 1646
1645 1647
1645 1655
1646 1647
1646 1648
1646 1649
1647 1648
1647 1936
1648 1649
1648 1650
1648 1651
1649 1650
1649 1651
1649 1908
1650 1651
1650 1652
1650 1653
1651 1652
1651 1653
1651 1654
1652 1653
1652 1655
1653 1654
1653 1656
1654 1655
1654 1656
1654 1657
1655 1656
1656 1990
1656 1658
1656 1659
1657 1658
1657 1659
1657 1660
1658 1859
1658 1659
1658 1660
1659 1660
1659 1661
1659 1662
1660 1997
1660 1968
1660 1661
1661 1662
1662 1804
1662 1663
1662 1664
1663 1665
1664 1665
1664 1666
1665 1667
1665 1668
1665 1688
1666 1667
1666 1809
1667 1668
1667 1669
1667 1670
1668 1670
1668 1671
1669 1672
1670 1672
1670 1673
1671 1672
1671 1674
1672 1673
1672 1674
1672 1675
1673 1674
1673 1676
1673 1823
1674 1675
1674 1676
1674 1677
1675 1676
1675 1677
1675 1678
1675 1854
1676 1677
1676 1678
1677 1679
1677 1680
1678 1679
1678 1680
1678 1681
1678 1721
1679 1680
1679 1681
1679 1682
1680 1683
1680 1846
1681 1682
1681 1683
1681 1684
1682 1685
1682 1943
1683 1953
1683 1684
1683 1685
1684 1685
1684 1686
1684 1687
1685 1943
1685 1686
1685 1688
1686 1689
1686 1949
1687 1688
1687 1689
1688 1689
1688 1690
1688 1691
1689 1690
1689 1691
1689 1692
1690 1691
1690 1692
1691 1693
1691 1694
1692 1693
1692 1694
1692 1695
1693 1694
1693 1696
1694 1697
1694 1915
1694 1695
1694 1696
1695 1697
1695 1698
1696 1699
1696 1739
1697 1698
1697 1699
1697 1700
1698 1700
1698 1701
1699 1700
1699 1701
1699 1702
1700 1702
1700 1703
1701 1702
1701 1704
1702 1704
1703 1705
1703 1706
1704 1705
1704 1706
1705 1706
1705 1708
1706 1707
1706 1708
1706 1709
1707 1708
1707 1709
1707 1710
1708 1710
1708 1711
1709 1711
1709 1712
1710 1711
1710 1713
1711 1729
1711 1712
1711 1713
1711 1714
1712 1713
1712 1714
1712 1715
1713 1714
1713 1715
1713 1716
1714 1715
1715 1716
1715 1718
1716 1957
1716 1719
1717 1780
1717 1720
1718 1720
1718 1721
1718 1792
1719 1720
1719 1721
1719 1722
1720 1721
1721 1723
1721 1724
1722 1723
1722 1724
1722 1725
1723 1724
1723 1725
1723 1726
1724 1725
1724 1726
1724 1727
1725 1727
1725 1728
1726 1729
1726 1773
1726 1949
1726 1728
1727 1729
1727 1730
1727 1867
1727 1728
1728 1729
1728 1731
1728 1973
1729 1730
1729 1732
1730 1731
1731 1732
1731 1733
1731 1995
1732 1733
1732 1734
1732 1735
1733 1734
1733 1735
1733 1736
1734 1736
1734 1737
1735 1737
1735 1738
1736 1738
1737 1739
1738 1741
1738 1778
1739 1740
1739 1741
1739 1742
1740 1741
1740 1742
1740 1743
1741 1934
1741 1742
1741 1971
1742 1743
1742 1744
1742 1745
1743 1744
1743 1745
1743 1746
1744 1745
1744 1747
1745 1746
1745 1747
1745 1748
1745 1942
1746 1748
1747 1748
1747 1861
1748 1749
1748 1750
1748 1751
1749 1780
1749 1752
1749 1850
1750 1751
1750 1978
1751 1752
1751 1753
1752 1754
1752 1755
1752 1910
1753 1972
1753 1944
1753 1754
1753 1755
1754 1844
1754 1756
1754 1757
1755 1756
1755 1757
1756 1757
1756 1790
1757 1758
1757 1760
1758 1761
1758 1759
1758 1760
1759 1762
1759 1760
1760 1761
1760 1763
1761 1762
1761 1763
1761 1764
1762 1763
1762 1765
1763 1764
1763 1766
1764 1765
1764 1766
1765 1766
1765 1768
1766 1767
1766 1768
1766 1769
1767 1768
1767 1769
1767 1770
1768 1769
1768 1770
1769 1771
1770 1772
1770 1773
1770 1886
1771 1773
1771 1774
1771 1787
1772 1773
1772 1775
1773 1774
1773 1776
1774 1775
1774 1777
1775 1777
1775 1778
1776 1777
1777 1779
1777 1780
1778 1779
1778 1781
1779 1780
1779 1781
1779 1782
1780 1782
1781 1784
1782 1783
1782 1784
1782 1785
1783 1785
1783 1786
1784 1785
1784 1786
1784 1787
1785 1993
1785 1786
1786 1788
1786 1789
1787 1789
1788 1789
1788 1790
1788 1791
1789 1790
1789 1791
1789 1792
1790 1793
1790 1835
1790 1792
1791 1793
1791 1792
1792 1793
1793 1794
1793 1795
1793 1796
1793 1952
1794 1797
1795 1796
1795 1797
1795 1798
1796 1797
1796 1799
1797 1799
1797 1942
1798 1800
1798 1801
1799 1801
1799 1802
1800 1801
1800 1802
1800 1803
1801 1803
1802 1803
1802 1804
1802 1805
1803 1804
1804 1806
1804 1807
1805 1806
1805 1807
1805 1969
1806 1807
1806 1809
1807 1808
1807 1809
1807 1810
1808 1955
1808 1809
1808 1810
1808 1946
1809 1810
1809 1811
1810 1811
1810 1813
1811 1812
1811 1814
1812 1867
1812 1814
1813 1814
1813 1815
1813 1983
1814 1815
1814 1816
1814 1817
1815 1817
1815 1818
1816 1817
1816 1818
1817 1913
1817 1818
1817 1820
1818 1819
1818 1820
1819 1846
1819 1820
1819 1822
1820 1972
1820 1821
1820 1822
1820 1823
1821 1824
1822 1825
1822 1883
1822 1823
1822 1824
1823 1916
1824 1825
1824 1826
1824 1827
1825 1826
1825 1827
1825 1828
1826 1827
1826 1828
1826 1829
1827 1830
1828 1829
1828 1831
1829 1830
1829 1831
1829 1832
1830 1831
1830 1833
1831 1832
1831 1833
1832 1833
1832 1834
1832 1835
1833 1836
1833 1884
1834 1836
1835 1836
1835 1837
1835 1838
1836 1837
1836 1838
1836 1839
1837 1839
1838 1840
1838 1841
1839 1840
1839 1841
1840 1841
1840 1842
1841 1842
1841 1844
1842 1843
1842 1844
1842 1845
1843 1845
1844 1895
1844 1845
1844 1846
1845 1846
1845 1847
1845 1848
1846 1847
1847 1996
1847 1848
1847 1849
1847 1850
1848 1850
1849 1857
1849 1906
1849 1851
1849 1852
1851 1853
1852 1854
1852 1855
1853 1854
1853 1856
1854 1883
1854 1855
1854 1856
1855 1858
1855 1951
1855 1856
1856 1857
1856 1858
1856 1859
1857 1859
1858 1859
1858 1861
1859 1860
1860 1861
1860 1863
1861 1862
1861 1863
1862 1864
1862 1865
1862 1949
1863 1864
1863 1866
1865 1867
1865 1868
1865 1894
1866 1867
1866 1868
1866 1869
1867 1869
1868 1869
1868 1870
1868 1871
1869 1872
1870 1871
1870 1872
1870 1873
1870 1907
1871 1873
1872 1873
1873 1875
1873 1876
1874 1875
1874 1876
1874 1877
1875 1876
1875 1877
1875 1878
1876 1879
1877 1878
1877 1879
1878 1880
1878 1881
1879 1880
1879 1881
1879 1882
1880 1881
1880 1883
1881 1882
1881 1883
1881 1884
1882 1883
1882 1885
1884 1886
1885 1886
1885 1887
1885 1888
1886 1984
1887 1889
1887 1981
1888 1889
1888 1890
1888 1891
1889 1890
1890 1892
1890 1893
1891 1892
1891 1893
1891 1894
1892 1893
1892 1894
1892 1959
1893 1894
1893 1895
1894 1895
1894 1896
1896 1897
1896 1898
1896 1899
1897 1898
1897 1899
1898 1899
1899 1901
1899 1902
1900 1901
1901 1902
1902 1903
1902 1904
1903 1904
1903 1919
1904 1905
1904 1907
1905 1906
1905 1907
1906 1907
1907 1909
1907 1910
1908 1910
1908 1911
1909 1911
1910 1911
1910 1912
1910 1913
1911 1984
1912 1913
1912 1914
1912 1915
1913 1915
1913 1916
1914 1915
1914 1916
1915 1917
1915 1918
1916 1917
1916 1919
1917 1918
1917 1919
1917 1920
1918 1921
1918 1919
1918 1920
1919 1921
1919 1922
1919 1933
1920 1922
1920 1923
1921 1923
1921 1924
1922 1923
1922 1924
1922 1925
1923 1925
1924 1925
1925 1926
1925 1927
1926 1927
1926 1929
1927 1928
1927 1929
1927 1930
1928 1931
1929 1930
1929 1931
1929 1932
1930 1931
1930 1932
1930 1933
1931 1932
1931 1933
1931 1934
1932 1933
1932 1935
1933 1935
1933 1936
1934 1935
1934 1936
1934 1937
1935 1936
1935 1937
1935 1938
1936 1937
1936 1938
1936 1939
1937 1938
1937 1939
1937 1940
1938 1939
1938 1941
1939 1940
1939 1941
1939 1942
1940 1942
1940 1943
1941 1942
1941 1944
1942 1944
1942 1945
1943 1945
1943 1946
1944 1946
1944 1947
1945 1946
1945 1947
1946 1947
1946 1948
1946 1949
1947 1948
1947 1949
1948 1949
1948 1950
1948 1951
1949 1952
1950 1953
1950 1951
1950 1952
1951 1953
1951 1954
1951 1952
1952 1954
1952 1955
1953 1954
1953 1955
1953 1956
1954 1955
1954 1956
1954 1957
1955 1957
1956 1957
1956 1958
1957 1958
1957 1959
1958 1959
1958 1960
1958 1961
1959 1960
1959 1961
1959 1962
1960 1961
1960 1962
1960 1963
1961 1962
1961 1964
1962 1963
1962 1964
1962 1965
1963 1964
1963 1965
1963 1966
1964 1965
1964 1967
1965 1967
1965 1968
1966 1968
1966 1969
1967 1968
1967 1969
1967 1970
1968 1970
1968 1971
1969 1970
1969 1972
1970 1971
1970 1973
1971 1972
1971 1973
1972 1973
1972 1974
1973 1974
1973 1976
1974 1975
1974 1976
1974 1977
1975 1976
1975 1978
1976 1978
1977 1978
1977 1980
1978 1980
1980 1982
1981 1982
1981 1984
1982 1985
1982 1983
1982 1984
1983 1986
1984 1985
1984 1986
1985 1986
1985 1987
1985 1988
1986 1987
1986 1989
1986 1990
1987 1988
1987 1989
1987 1990
1988 1989
1988 1990
1988 1991
1989 1990
1989 1992
1990 1991
1991 1992
1991 1994
1992 1993
1992 1994
1993 1996
1994 1995
1994 1996
1994 1997
1995 1998
1996 1999
1997 1998
1997 1999
1997 2000
1998 2000
1999 2000
