500 1500
1 2
1 3
1 262
1 270
1 498
1 500
2 4
2 143
2 284
3 4
3 5
3 337
3 500
3 376
3 94
4 6
4 97
4 474
4 95
5 6
5 8
5 441
5 379
6 8
6 9
6 19
7 9
7 10
7 460
7 442
7 31
8 9
8 10
8 11
9 11
9 12
9 313
10 385
10 11
10 12
10 13
11 12
11 13
11 14
12 13
12 14
12 441
13 14
13 16
13 147
14 38
14 15
14 16
15 298
15 398
15 18
15 307
16 17
16 19
16 438
16 153
17 132
17 19
17 20
18 19
18 20
18 21
19 328
19 425
19 20
20 289
20 425
20 21
20 22
21 23
21 24
21 252
22 172
22 210
22 24
22 414
23 426
23 375
23 26
24 77
24 304
24 25
24 26
24 27
25 300
25 27
25 28
26 257
26 90
26 27
26 29
27 430
27 336
27 250
27 30
28 308
28 30
28 31
29 191
29 413
29 31
29 32
30 33
30 493
30 31
31 169
31 437
31 32
32 33
32 34
32 35
33 34
33 66
33 174
33 414
34 37
34 139
34 159
34 473
35 37
35 38
35 191
36 38
36 39
36 102
37 38
37 39
37 333
37 431
37 447
38 295
38 302
38 120
38 126
39 455
39 41
39 42
40 43
40 241
40 146
41 50
41 43
41 82
42 43
42 44
42 45
43 45
43 88
43 157
44 45
44 46
44 207
44 445
45 165
45 174
45 48
45 307
45 57
46 47
46 48
46 49
47 48
47 273
47 50
47 340
47 440
48 66
48 198
48 488
48 49
48 50
49 50
49 51
49 52
50 302
50 51
50 52
51 485
51 52
51 53
51 54
52 53
52 54
52 55
53 482
53 494
53 177
53 54
53 55
54 163
54 55
54 56
54 57
55 295
55 56
55 57
56 57
56 58
56 59
57 59
57 60
57 159
58 325
58 279
58 78
58 251
58 61
59 386
59 324
59 142
59 60
59 61
60 61
60 62
60 63
61 66
61 388
61 437
61 63
62 65
62 63
62 64
63 356
63 130
63 105
63 222
63 393
64 66
64 226
64 106
65 226
65 67
65 68
65 390
65 332
65 128
66 67
66 68
66 85
66 189
67 70
67 455
67 459
67 81
67 370
68 451
68 69
68 70
68 71
68 226
68 94
69 70
69 72
69 461
69 402
70 71
70 73
70 89
71 231
71 72
71 73
71 74
71 352
72 73
72 74
72 75
73 449
73 76
73 402
73 311
73 154
74 75
74 76
74 77
74 110
75 76
75 77
75 78
76 327
76 429
76 78
76 155
76 348
77 129
77 79
78 419
78 81
79 225
79 81
79 82
79 85
79 318
80 261
80 81
80 82
80 83
81 198
81 83
81 412
81 166
82 244
82 173
82 84
82 85
83 107
83 142
83 84
83 85
83 314
84 196
84 85
84 86
85 143
85 86
86 344
86 87
86 88
87 199
87 89
87 90
88 230
88 108
88 89
88 90
88 252
89 90
89 91
89 92
90 119
90 237
90 92
91 111
91 92
91 93
91 94
92 231
92 200
92 93
92 95
93 156
93 94
93 96
94 203
94 274
94 96
95 98
95 247
95 96
96 97
96 99
96 189
96 185
97 98
97 99
97 100
98 99
98 100
98 101
99 101
99 102
99 110
99 306
100 101
100 103
100 240
100 280
101 103
101 278
101 191
102 103
102 104
102 105
102 291
103 483
103 104
103 105
103 106
104 402
104 105
104 106
104 425
104 383
105 107
105 108
105 216
106 107
106 108
106 109
106 350
106 319
107 110
107 174
108 486
108 109
108 111
108 145
109 110
109 111
109 440
110 111
110 113
110 150
110 267
111 112
111 114
112 461
112 113
112 115
112 217
113 325
113 142
113 114
113 115
114 115
114 116
114 117
115 116
115 117
115 118
116 117
116 118
116 119
117 118
117 119
117 120
118 423
118 361
118 119
118 120
118 121
119 278
119 168
119 204
119 122
119 288
120 329
120 122
120 123
121 330
121 123
121 124
122 193
122 274
122 124
122 125
123 304
123 181
123 124
123 125
124 137
124 140
124 208
124 169
124 127
125 202
125 127
125 128
126 129
126 127
126 128
127 129
127 390
127 170
127 128
128 129
128 131
128 148
129 304
129 224
129 381
130 132
130 498
131 132
131 133
131 134
131 359
132 133
132 135
132 145
133 134
133 135
133 433
133 179
133 470
134 135
134 136
134 137
134 237
134 387
134 415
135 136
135 137
135 206
135 468
136 137
136 138
136 139
137 361
137 138
137 140
137 401
138 139
138 140
138 141
138 146
139 141
139 142
139 361
139 211
140 141
140 143
141 142
141 143
141 144
142 245
143 465
143 145
143 500
144 167
144 145
144 147
145 398
145 146
145 148
146 338
146 147
146 149
147 206
147 149
147 150
148 149
148 151
149 452
149 150
149 151
150 325
150 152
150 153
151 233
151 152
151 153
151 154
152 296
152 153
152 154
152 254
153 471
153 154
153 156
154 308
154 156
155 361
155 157
156 157
156 158
156 159
157 481
157 463
157 158
157 159
158 161
158 310
158 160
159 161
159 160
160 161
160 162
160 163
160 408
160 448
161 162
161 163
161 164
161 317
162 163
162 164
162 165
162 423
163 164
163 418
164 165
164 166
164 331
164 221
165 166
165 167
165 168
165 283
165 413
166 167
166 168
166 169
166 410
167 168
167 169
167 197
168 450
168 484
168 169
168 307
169 170
169 171
169 172
170 322
170 477
171 458
171 172
171 173
171 174
171 416
172 173
172 174
172 335
172 210
173 329
173 174
173 176
174 399
174 176
174 248
174 474
175 176
175 177
175 178
175 255
176 428
176 179
176 340
176 224
176 446
176 416
177 449
177 460
177 178
178 325
178 326
178 179
178 180
179 356
179 486
179 180
180 181
180 182
180 183
180 318
181 417
181 182
181 183
181 184
181 253
182 238
182 184
182 185
182 254
183 184
183 185
183 186
183 383
184 436
184 185
184 341
184 187
185 324
185 389
185 186
185 188
186 188
186 189
186 224
187 337
187 190
187 448
188 313
188 477
188 190
189 190
189 192
190 193
190 260
190 191
191 193
191 194
192 195
192 198
192 245
193 196
193 407
194 195
194 196
194 197
195 196
195 197
195 198
196 197
196 391
196 199
196 362
196 204
197 198
197 199
197 200
197 277
198 303
199 201
199 202
199 248
200 201
200 202
201 202
201 203
201 204
201 273
202 482
202 203
202 205
202 409
203 492
203 204
203 205
203 206
203 347
204 205
204 331
205 261
205 207
205 208
205 389
206 207
206 208
206 209
207 209
207 210
208 260
208 211
209 270
209 211
209 212
210 211
210 213
211 419
211 292
211 394
211 436
211 214
212 213
212 214
212 215
213 361
213 214
213 215
213 216
214 385
214 264
214 432
214 216
215 216
215 217
215 218
216 217
216 218
216 219
217 218
217 219
218 219
218 220
218 221
219 220
219 221
219 222
220 221
220 443
220 223
221 222
221 223
221 224
222 225
222 295
222 223
223 225
223 226
223 224
224 225
224 338
224 353
225 228
225 467
225 284
226 227
226 229
227 228
227 229
227 230
228 229
228 231
228 457
228 384
229 231
229 232
229 469
229 252
230 232
230 271
231 232
231 234
232 392
232 233
232 234
232 445
232 384
233 235
233 411
234 235
234 237
234 317
235 236
235 237
235 277
236 238
236 239
236 351
237 300
237 238
237 239
238 430
238 241
238 307
238 372
238 464
238 253
239 386
239 241
239 308
240 241
240 242
241 394
241 242
241 243
241 479
242 243
242 244
242 245
243 244
243 245
243 246
244 245
244 246
244 247
245 484
245 455
245 247
245 254
246 266
246 462
246 247
246 248
247 248
247 249
247 250
248 250
248 251
249 305
249 251
249 252
250 251
250 253
251 440
251 252
251 253
252 304
252 371
252 276
252 254
253 273
253 254
254 255
255 258
255 256
256 257
256 258
256 259
257 258
257 259
257 260
257 377
258 260
258 329
258 339
259 260
259 262
259 313
260 420
260 261
260 262
260 263
261 264
261 300
262 263
262 264
262 265
263 264
263 265
263 266
263 404
264 456
264 265
264 267
264 359
265 266
265 267
265 343
265 379
266 267
266 268
266 269
267 268
267 269
268 269
268 270
268 271
269 270
269 271
269 272
270 273
270 469
271 273
271 274
271 342
271 443
272 292
272 429
272 275
273 274
273 275
274 277
274 342
275 276
275 277
275 278
276 278
276 279
277 278
277 280
278 461
278 434
279 280
279 281
279 282
279 288
280 334
280 281
280 282
280 283
281 282
281 283
281 284
282 477
282 283
282 284
282 285
283 376
283 401
283 285
283 286
284 285
284 287
285 439
285 286
285 287
285 288
286 289
286 287
286 288
287 289
287 290
287 459
288 291
289 291
289 292
289 306
290 292
290 293
290 384
291 292
291 293
291 468
292 293
292 457
292 308
293 294
293 295
293 498
293 405
294 295
294 296
294 297
295 296
295 297
295 298
296 297
296 298
296 299
297 327
297 298
297 299
298 484
298 453
298 299
298 300
299 300
299 301
299 302
299 334
300 420
300 301
300 302
301 302
301 303
301 304
302 303
302 304
302 305
303 304
303 305
303 306
304 306
305 306
305 307
305 308
306 307
306 308
307 308
307 309
308 309
308 310
308 311
309 310
309 311
309 312
310 311
310 312
310 313
311 378
311 313
311 314
312 313
312 314
312 315
313 442
313 314
313 315
314 321
314 394
314 315
315 316
315 317
315 318
316 330
316 340
316 317
316 318
317 391
317 384
317 319
317 320
318 321
318 331
319 322
319 388
319 499
319 320
320 321
320 322
320 323
321 322
321 323
321 324
321 365
322 323
322 324
322 446
323 325
323 326
323 422
323 353
323 438
324 488
325 326
325 327
326 328
326 329
327 330
327 395
327 384
328 329
328 330
328 331
329 403
330 331
330 332
330 337
331 496
331 420
332 333
332 334
333 334
333 335
334 337
335 423
335 337
335 338
336 337
336 338
336 339
337 339
337 368
338 466
338 341
338 496
338 476
339 491
339 341
339 342
340 341
341 342
341 343
341 478
342 343
342 344
342 345
343 344
343 345
344 346
344 347
344 415
345 346
345 347
345 348
346 347
346 348
346 349
347 349
347 350
348 362
348 349
348 351
349 476
349 490
349 350
349 351
349 352
350 351
350 352
351 354
351 371
351 352
352 354
352 355
353 356
354 355
354 356
354 357
355 356
355 357
355 358
356 358
356 359
357 358
357 359
357 360
358 359
358 360
358 361
359 361
360 361
360 362
360 489
361 363
362 363
362 364
362 365
363 364
363 365
363 366
363 372
364 389
364 365
364 366
364 367
365 366
365 368
366 367
366 368
366 478
367 368
367 369
367 370
368 369
368 371
369 370
369 371
369 372
370 371
370 372
370 373
371 420
371 372
371 373
372 374
373 423
373 374
373 376
374 409
374 375
374 376
374 377
375 440
375 376
375 377
376 378
377 379
377 380
378 379
378 380
379 380
379 381
379 382
380 471
380 381
380 382
381 382
381 383
381 384
382 385
382 388
382 383
383 386
384 385
385 386
385 387
386 387
386 388
386 389
387 388
387 389
388 391
390 391
390 392
390 405
390 415
391 393
392 393
392 395
393 394
393 395
393 396
394 395
394 396
395 397
395 398
396 397
396 398
396 399
397 398
397 399
397 400
397 431
398 400
398 405
399 400
399 401
399 402
400 401
400 402
400 403
401 403
402 403
402 404
403 404
403 405
403 406
404 490
404 405
404 406
405 408
406 407
406 408
406 409
407 461
407 408
407 409
407 410
408 410
408 411
409 411
409 412
410 411
410 478
411 463
411 413
411 414
412 414
412 415
413 415
413 416
414 417
414 463
415 417
416 417
416 419
416 478
417 418
417 420
418 419
418 420
418 421
419 421
419 422
421 422
421 423
421 475
422 424
422 425
422 456
422 470
423 426
424 425
424 426
424 427
425 426
425 427
426 427
426 428
426 429
427 428
427 429
427 430
428 429
428 431
429 430
429 431
429 432
430 431
430 432
431 433
432 433
432 434
432 435
433 435
433 436
434 435
434 436
434 437
435 436
435 437
435 438
435 447
436 437
436 438
437 438
437 440
438 499
438 439
438 440
439 440
439 442
440 441
441 442
441 443
442 444
442 445
443 444
443 446
444 445
444 446
444 447
445 446
445 447
445 448
446 449
446 447
446 448
447 450
447 448
448 449
448 451
449 450
449 451
449 452
450 452
450 453
451 453
451 454
452 453
452 454
452 455
452 488
452 495
453 454
453 455
453 456
454 455
454 456
454 457
455 456
456 457
457 458
458 459
458 460
459 460
459 461
459 462
460 461
460 462
461 462
462 463
462 464
463 464
463 465
463 466
464 466
464 467
465 466
465 467
465 468
466 489
466 467
466 468
467 468
467 469
467 470
468 471
469 470
469 471
470 471
470 472
470 473
471 473
471 474
472 494
472 473
472 474
472 475
473 474
473 475
474 475
474 476
475 476
475 477
475 478
476 477
476 479
477 478
477 479
478 479
478 480
479 481
479 480
480 481
480 482
480 483
481 482
481 483
482 483
482 485
482 486
483 484
483 485
484 486
485 487
485 488
486 487
487 488
487 489
487 490
488 490
489 490
489 492
490 493
491 492
491 493
491 494
492 494
492 495
493 494
493 495
493 496
494 495
495 496
495 497
496 498
497 498
497 499
497 500
498 500
499 500
