600 1800
1 3
1 4
1 139
1 598
1 600
2 3
2 4
2 5
2 599
3 4
3 5
3 6
3 599
3 600
3 544
4 5
4 7
4 257
5 6
5 7
5 10
6 8
6 9
6 195
7 257
7 321
7 9
7 10
7 445
8 10
8 11
8 24
9 327
9 10
9 11
9 12
10 580
10 12
10 13
10 337
10 350
11 523
11 12
11 13
11 14
12 196
12 528
12 55
12 42
13 295
13 16
13 222
14 581
14 15
14 523
15 292
15 491
15 110
15 17
16 17
16 18
16 19
16 381
17 18
17 19
17 20
18 212
18 19
18 20
18 21
18 560
18 253
19 49
19 21
19 569
19 373
19 317
20 467
20 468
20 21
20 22
20 23
21 23
21 24
21 283
22 42
22 24
22 25
23 143
23 25
23 26
23 540
24 264
24 249
24 244
24 25
24 26
25 465
25 307
25 27
26 450
26 535
26 302
26 505
26 218
27 373
27 28
27 29
28 387
28 112
28 593
28 504
29 427
29 462
29 150
29 312
29 64
29 32
30 257
30 188
30 31
30 32
31 33
31 34
31 257
31 32
32 33
32 34
32 35
33 65
33 34
33 36
33 426
34 514
34 35
34 36
34 558
35 37
35 38
35 239
35 544
36 37
36 38
36 39
37 38
37 39
37 584
38 426
38 147
38 438
38 414
39 40
39 41
39 145
39 181
39 150
39 413
40 41
40 42
40 43
41 263
41 488
41 554
41 43
41 44
42 43
42 44
42 45
42 335
43 44
43 45
43 46
44 577
44 326
44 45
45 46
45 47
45 368
46 47
46 48
46 49
46 187
47 495
47 48
47 49
47 50
48 49
48 50
48 51
49 50
49 51
49 52
49 476
50 328
50 52
50 53
51 388
51 389
51 455
51 260
51 54
51 88
51 62
52 545
52 53
52 54
53 238
53 54
53 55
53 56
54 481
54 387
54 232
54 428
54 55
54 56
54 313
54 448
55 57
55 58
56 165
56 357
56 587
56 58
57 389
57 494
57 59
57 60
58 166
58 170
58 61
59 152
59 397
59 60
59 61
60 103
60 491
60 61
60 63
61 525
61 78
61 62
61 63
62 419
62 471
63 66
63 580
63 454
63 71
64 66
64 118
64 128
65 67
65 68
66 68
66 169
66 566
66 224
67 68
67 69
67 70
67 153
67 156
68 69
68 70
68 71
68 183
69 70
69 71
69 255
70 386
70 551
70 71
70 72
70 295
71 72
71 74
71 271
71 79
71 568
72 73
72 74
72 283
72 573
72 518
73 74
73 75
73 76
73 92
74 75
74 76
74 77
74 380
75 76
75 78
75 309
76 77
76 78
76 79
76 570
76 511
77 526
77 143
77 234
77 158
78 129
78 204
78 79
78 80
79 80
79 82
79 150
80 297
80 400
80 81
80 366
81 82
81 84
81 288
82 83
82 84
82 85
83 340
83 84
83 85
83 86
84 466
84 563
84 85
85 86
85 87
85 477
86 311
86 87
86 89
87 119
87 88
87 90
88 89
88 90
88 91
89 90
89 91
89 92
90 162
90 165
90 206
90 410
91 520
91 211
91 598
91 94
91 511
91 352
92 93
92 95
93 94
93 95
93 96
94 97
94 455
94 488
95 97
95 98
95 354
95 243
95 212
95 96
96 97
96 541
96 342
97 98
97 99
97 100
98 99
98 100
98 101
99 100
99 101
99 102
100 101
100 102
100 103
101 102
101 103
101 104
102 103
102 104
102 105
103 104
103 105
103 484
103 155
104 105
104 107
104 133
104 294
105 357
105 108
105 400
105 542
106 107
106 109
106 594
106 572
107 108
107 109
107 110
107 122
108 109
108 110
108 111
109 110
109 111
109 112
110 145
110 328
110 457
110 111
110 139
111 267
111 113
111 114
112 113
112 115
112 186
113 268
113 115
113 116
114 357
114 557
114 116
115 168
115 116
115 117
115 501
116 392
116 174
116 118
116 119
117 525
117 118
117 120
118 119
118 159
119 516
119 120
119 121
120 578
120 121
120 123
121 453
121 231
121 122
121 123
121 124
122 124
122 125
123 241
123 124
123 126
124 556
124 144
124 125
124 126
124 288
125 192
125 245
125 126
125 127
125 128
126 129
126 444
126 127
126 576
127 129
127 130
127 321
127 128
128 129
128 130
128 131
129 131
129 132
130 505
130 499
130 249
130 576
131 132
131 134
131 496
132 134
132 135
132 316
132 350
132 287
133 134
133 135
133 136
134 353
134 136
134 137
134 533
134 549
135 136
135 138
135 284
136 292
136 137
136 541
137 482
137 139
137 140
137 479
138 453
138 487
138 140
138 404
138 454
139 141
139 142
140 141
140 142
140 143
141 142
141 143
141 144
141 495
142 143
142 592
142 469
142 320
143 144
143 146
143 407
144 385
144 419
144 147
145 146
146 308
146 148
146 149
146 528
147 303
147 148
147 448
148 370
148 469
148 150
148 151
149 150
149 151
149 152
150 151
151 174
151 178
151 154
151 251
151 502
152 478
152 153
152 155
153 154
153 156
154 395
154 155
154 156
154 157
155 586
155 249
155 156
155 157
156 157
156 159
157 293
157 158
157 159
157 160
158 516
158 406
158 159
158 160
159 384
159 162
159 532
159 160
160 162
160 163
160 546
160 267
161 162
161 163
161 164
162 163
162 164
162 165
162 434
162 408
163 164
163 165
163 166
163 223
164 165
164 166
164 167
165 168
165 204
165 218
166 167
166 168
166 169
167 168
167 169
167 170
168 171
168 294
169 170
169 172
170 455
170 171
170 172
170 303
171 173
171 476
171 222
172 174
172 175
172 479
173 198
173 585
173 174
173 176
173 210
174 175
174 177
175 408
175 177
175 178
175 472
176 578
176 557
176 178
177 289
177 178
177 179
178 483
178 179
178 180
178 181
179 236
179 181
179 182
180 587
180 181
180 182
180 183
181 329
181 404
181 206
181 184
182 183
182 184
182 185
183 469
183 185
184 584
184 491
184 302
184 376
184 187
185 186
185 187
185 188
186 486
186 187
186 256
187 412
187 188
188 190
188 191
189 275
189 416
189 190
189 192
190 193
190 191
191 193
191 194
191 548
191 192
192 193
192 195
192 567
193 194
193 195
193 196
193 317
194 195
194 196
194 197
195 196
195 525
195 282
196 198
196 199
196 341
197 198
197 199
197 200
198 199
198 200
198 201
199 583
199 200
199 403
199 343
199 443
200 201
200 202
200 203
200 476
201 202
201 204
201 342
202 517
202 203
202 471
203 204
203 205
203 384
204 205
204 206
204 207
204 426
205 482
205 358
205 597
205 411
206 369
206 290
206 208
207 208
207 209
207 210
208 209
208 210
208 211
209 231
209 210
209 211
209 572
210 418
210 211
211 290
211 212
211 214
212 355
213 484
213 214
213 216
214 215
214 216
214 217
215 325
215 216
215 217
215 218
216 425
216 600
216 217
216 250
216 219
217 218
217 219
217 220
218 219
218 221
218 574
219 455
219 303
219 540
219 222
220 494
220 222
220 223
221 222
221 223
221 224
222 225
222 223
222 224
223 226
223 224
224 225
224 226
224 275
224 534
225 227
225 228
225 443
226 227
226 229
226 240
227 355
227 230
227 591
227 437
227 572
228 229
228 581
228 316
229 231
229 232
229 534
230 231
230 232
230 233
231 232
231 234
231 362
232 233
232 235
233 392
233 234
233 235
233 236
233 407
234 236
234 494
235 353
235 236
235 238
236 237
236 238
236 239
236 440
237 359
237 239
237 240
237 469
237 309
238 456
238 393
238 240
238 241
239 263
239 240
239 241
239 242
240 581
240 242
240 243
240 252
241 587
241 528
241 242
242 548
242 243
242 244
242 245
243 465
243 246
244 245
244 246
244 247
245 568
245 496
245 248
246 248
246 249
246 383
247 296
247 564
247 248
247 250
248 249
248 250
248 251
249 252
250 299
250 334
250 253
251 492
251 588
251 254
252 253
252 254
252 255
253 408
253 256
254 257
254 292
254 255
254 256
255 257
255 439
255 256
256 257
256 258
256 259
256 424
257 258
258 322
258 518
258 466
258 500
258 511
259 260
259 262
259 306
260 261
260 263
261 263
261 264
261 380
262 263
262 264
262 265
263 265
263 266
263 304
263 446
264 266
264 267
265 389
265 266
265 268
266 268
266 274
266 279
266 445
267 269
267 270
268 269
268 270
268 271
269 270
269 271
269 272
269 591
270 271
270 272
270 273
271 272
271 273
271 274
272 273
272 274
272 275
273 274
273 275
273 345
274 580
274 275
274 276
274 277
275 276
275 277
275 278
276 527
276 277
276 278
276 279
277 454
277 279
277 280
277 443
278 279
278 280
278 281
279 282
279 415
280 456
280 281
280 283
280 447
281 562
281 505
281 283
281 318
282 338
282 283
282 284
283 343
283 284
283 285
283 286
284 285
284 286
284 287
285 286
285 287
285 288
286 588
286 337
286 287
286 288
287 290
287 292
287 424
287 472
288 289
288 382
288 530
289 290
289 292
289 502
289 505
290 292
290 293
290 329
290 494
291 292
291 293
291 294
291 485
292 293
292 295
293 295
293 306
294 297
294 472
295 296
295 297
296 297
296 298
297 299
297 300
297 459
298 299
298 300
298 301
299 300
299 302
299 522
300 360
300 301
300 302
300 303
301 355
301 422
301 302
302 303
302 305
303 582
303 304
303 305
304 424
304 305
304 307
305 306
305 307
305 308
306 557
306 500
306 308
306 309
307 420
307 390
307 310
307 504
308 309
308 310
308 311
309 487
309 310
310 386
310 311
310 312
311 312
311 313
311 314
312 579
312 313
312 315
313 558
313 315
314 582
314 457
314 315
314 316
315 316
315 317
315 318
316 420
316 408
316 317
316 319
317 318
317 319
318 321
318 319
318 320
319 392
319 381
319 340
319 320
320 321
320 323
321 328
321 459
322 323
322 470
322 542
323 324
323 326
323 383
324 325
324 326
324 327
325 326
325 518
326 327
326 328
326 557
327 329
327 330
328 329
328 533
328 575
329 330
329 332
330 331
330 332
330 333
331 332
331 333
331 334
332 333
332 334
332 335
332 596
333 334
333 335
333 336
334 516
334 335
334 336
335 337
335 338
336 337
336 338
336 339
337 360
337 374
338 551
338 339
338 340
338 341
338 463
339 340
339 341
339 342
340 341
340 342
341 342
341 343
341 344
342 343
342 344
342 345
343 345
344 364
344 345
344 346
344 347
345 346
345 347
345 348
346 407
346 348
346 349
347 348
347 349
347 350
348 503
348 349
348 351
349 434
349 350
349 352
350 351
351 353
351 354
351 352
352 355
352 592
353 354
353 356
353 429
354 356
354 357
355 358
355 441
356 359
356 401
356 500
357 358
357 360
358 360
358 361
358 427
359 578
359 361
359 568
360 589
361 362
361 363
361 364
362 363
362 542
363 589
363 491
363 364
363 365
363 413
364 385
364 482
365 366
365 367
365 587
366 367
366 369
367 368
367 369
367 370
368 369
368 370
368 371
369 370
369 371
369 372
370 371
370 477
371 466
371 372
371 373
371 374
372 459
372 374
372 375
372 442
373 465
373 374
373 375
374 375
374 377
374 443
375 376
375 377
375 378
376 377
376 379
377 378
377 379
377 380
378 379
378 380
378 381
379 380
379 381
379 382
380 393
380 382
380 383
381 383
381 384
382 419
382 383
382 384
383 386
383 427
383 523
383 596
384 385
384 386
385 386
385 387
385 388
386 388
386 389
387 390
388 390
388 391
389 391
389 463
390 393
390 497
390 553
391 392
391 394
391 586
392 394
393 395
393 525
394 395
394 396
394 397
394 504
395 396
395 397
396 397
396 398
396 399
397 454
397 398
397 399
397 400
398 399
398 400
398 401
399 400
399 401
399 402
400 556
400 401
400 402
401 455
401 402
401 404
402 403
402 404
402 405
403 404
403 405
403 406
404 405
404 407
405 555
405 467
405 406
405 407
405 408
406 407
406 508
407 409
408 514
408 499
408 410
409 550
409 442
409 410
409 411
409 412
409 541
410 483
410 412
410 413
411 412
411 413
411 414
412 573
412 414
412 415
413 414
414 551
414 416
415 417
415 418
415 416
416 417
416 418
416 584
416 552
417 418
417 419
417 420
418 419
418 420
418 498
419 420
419 421
419 422
420 421
420 422
421 422
421 423
421 424
422 423
422 424
422 425
422 565
423 424
423 425
423 426
424 426
425 481
425 427
425 536
426 428
426 429
427 452
427 429
428 429
428 431
429 430
429 431
430 431
430 432
430 433
431 432
431 433
431 434
431 575
432 433
432 435
432 591
432 540
433 434
433 435
433 442
434 435
434 436
435 455
435 437
435 438
436 437
436 438
436 439
437 438
437 439
437 440
438 439
438 440
438 441
439 440
439 441
439 442
440 582
440 441
440 442
441 442
441 443
441 444
442 443
442 445
443 444
443 445
443 446
444 519
444 445
444 447
445 446
445 448
446 449
446 447
447 459
447 591
447 448
448 450
448 584
448 501
448 478
449 451
449 452
449 511
450 451
450 452
450 453
451 452
451 453
451 454
452 453
452 455
453 454
453 455
456 481
456 457
457 458
457 460
458 459
458 460
458 461
459 588
459 462
460 461
460 462
460 463
461 462
461 463
461 464
462 463
462 464
462 465
463 466
463 542
464 465
464 466
464 467
465 466
465 467
466 467
466 559
467 468
468 469
468 470
469 470
469 471
469 472
470 471
470 472
470 473
471 472
471 473
471 474
472 473
472 475
473 474
473 475
473 476
474 475
474 476
474 477
475 476
475 477
475 478
476 559
476 479
477 478
477 479
477 480
478 479
479 481
479 482
479 480
480 481
480 482
480 483
481 483
481 484
481 566
482 484
482 487
482 590
482 499
483 486
484 486
484 487
485 487
485 491
486 487
486 488
486 489
487 490
488 490
488 491
489 490
489 491
489 492
490 491
490 492
490 493
491 494
491 570
492 493
492 534
493 519
493 495
493 496
494 591
494 496
495 516
495 497
496 498
496 572
497 498
497 500
497 518
498 499
498 500
498 501
499 500
500 501
500 503
501 502
501 503
502 503
503 504
503 505
503 506
504 505
504 507
505 570
505 506
505 507
506 555
506 566
506 507
506 509
507 599
507 508
507 510
508 509
508 510
508 511
509 510
509 511
509 512
510 513
510 511
510 512
511 513
511 578
511 512
512 513
512 514
512 515
513 514
513 516
513 554
514 546
515 516
515 517
515 518
516 517
516 518
517 518
517 519
517 520
518 520
518 521
519 521
519 528
520 521
520 522
521 522
521 523
521 524
522 523
522 524
523 524
524 525
524 526
524 527
524 560
525 526
526 527
526 528
526 529
527 528
527 529
528 530
528 531
529 530
529 531
529 532
530 532
530 533
531 532
531 533
531 534
532 533
532 534
532 535
533 534
533 535
533 536
534 535
534 536
535 536
535 537
535 538
536 586
536 537
536 538
536 539
537 538
537 539
537 540
538 539
538 540
538 541
539 540
539 541
539 542
540 541
540 543
541 542
541 543
542 545
543 545
543 546
543 544
544 546
545 547
545 548
545 562
546 547
546 548
546 549
546 592
547 548
547 549
547 550
548 551
549 550
549 563
550 552
550 568
551 552
551 553
552 553
552 554
553 554
553 556
554 555
554 556
555 556
555 558
556 557
556 558
557 558
557 560
558 559
558 560
558 561
559 561
559 562
560 561
561 562
561 563
561 564
562 564
562 565
563 564
563 565
563 566
564 581
564 565
564 566
564 567
565 566
565 568
566 568
567 569
567 570
568 570
569 571
569 572
570 573
571 572
571 573
571 574
572 574
573 575
573 576
574 575
574 576
575 578
575 576
576 577
576 578
576 579
577 578
577 579
577 580
578 580
578 581
579 580
579 582
580 581
580 583
581 583
582 584
582 585
583 584
583 586
584 585
584 586
585 586
585 587
586 589
587 588
587 589
588 590
588 591
589 591
589 592
590 591
590 592
590 593
591 592
591 593
592 593
592 595
593 594
593 595
593 596
594 595
594 597
595 596
595 597
595 598
596 597
596 599
597 598
597 599
597 600
598 600
599 600
