200 600
1 2
1 3
1 198
1 200
1 157
2 3
2 4
2 5
2 199
2 144
3 196
3 42
3 145
3 57
4 5
4 6
4 7
5 6
5 7
5 8
5 143
6 70
6 8
6 9
6 17
6 83
6 122
6 134
7 8
7 9
7 138
8 9
8 10
8 11
8 16
8 50
8 84
9 197
9 10
9 11
9 83
9 133
9 28
10 195
10 100
10 12
10 13
10 79
11 97
11 138
11 12
11 13
12 197
12 76
12 13
12 14
12 15
13 14
13 15
13 123
14 73
14 16
14 17
14 151
15 166
15 16
15 17
15 18
15 156
16 17
16 18
17 18
17 19
17 20
18 49
18 200
18 41
18 19
18 20
18 21
18 154
18 85
19 65
19 20
19 21
19 22
20 38
20 21
20 23
21 169
21 22
21 23
21 24
22 194
22 87
22 24
23 69
23 25
23 26
24 193
24 26
24 27
24 189
25 144
25 26
25 28
26 105
26 27
26 28
26 29
27 165
27 142
27 28
27 29
28 179
28 29
29 30
29 31
29 32
30 164
30 31
30 32
31 34
31 69
31 32
32 33
32 97
32 35
32 132
32 109
33 98
33 35
33 36
33 116
34 35
34 37
34 61
34 99
34 189
35 36
35 37
35 73
36 38
36 39
36 89
37 38
37 39
37 40
38 40
38 41
38 192
39 40
39 41
39 81
39 57
40 41
40 42
40 43
40 173
41 72
41 81
41 187
42 43
42 80
42 160
43 137
43 44
43 45
43 46
44 168
44 46
44 47
44 111
45 46
45 47
45 48
45 121
46 105
46 47
46 49
47 48
47 49
47 150
48 177
48 49
48 50
48 51
49 50
49 51
50 99
50 180
50 53
50 95
51 99
51 52
51 53
51 54
52 131
52 53
52 55
53 54
53 55
53 56
54 55
54 56
54 57
55 56
55 57
55 58
56 89
56 57
56 58
56 59
57 58
57 60
58 59
58 60
58 61
59 165
59 146
59 60
59 62
60 61
60 62
60 63
61 165
61 62
61 63
62 65
62 128
62 120
62 63
62 64
63 66
63 105
63 64
64 66
64 67
64 142
65 66
65 68
65 123
66 67
66 68
66 69
66 179
66 127
67 68
67 69
67 70
68 69
68 70
68 71
69 70
69 71
69 72
70 144
70 83
71 129
71 131
71 72
71 73
71 74
72 74
72 111
72 183
73 74
73 75
73 76
74 75
74 76
74 77
75 76
75 77
75 112
76 77
76 78
76 181
76 155
76 124
77 78
77 79
77 80
78 80
78 81
78 180
78 87
79 111
79 81
80 81
80 82
80 83
81 83
81 84
82 166
82 168
82 84
82 85
82 144
83 195
83 86
84 85
84 87
85 99
85 173
85 88
86 197
86 119
86 150
86 87
86 89
87 88
87 89
87 155
87 92
88 132
88 147
88 90
88 91
89 196
89 92
90 143
90 91
90 93
91 99
91 92
91 93
91 94
92 142
92 95
93 105
93 95
93 96
94 128
94 95
94 96
95 97
95 98
95 96
96 97
96 98
96 164
96 115
97 99
98 99
98 100
100 102
100 103
100 160
101 102
101 103
101 175
101 113
101 120
102 103
102 104
102 105
103 104
103 105
103 106
103 151
104 105
104 106
104 176
104 198
105 106
105 107
105 170
106 107
106 108
106 109
107 171
107 108
107 109
107 143
107 185
107 159
108 109
108 110
108 111
109 110
109 111
109 148
110 111
110 112
110 113
111 112
111 113
111 114
112 161
112 114
112 115
113 115
113 116
114 115
114 116
114 117
115 198
115 153
116 117
116 118
116 119
117 118
117 119
117 120
117 156
118 119
118 120
118 121
119 120
119 122
120 121
120 122
121 194
121 184
121 122
121 124
122 123
122 125
123 125
123 126
124 125
124 126
125 126
125 127
125 128
126 129
126 127
126 128
127 130
127 174
127 128
128 129
128 190
129 131
129 132
129 164
130 131
130 132
130 133
131 132
131 167
131 171
131 181
132 133
132 134
132 178
132 187
133 161
133 136
134 135
134 136
134 173
135 136
135 137
135 177
136 137
136 138
136 139
137 138
137 139
137 158
138 139
138 140
138 141
139 140
139 142
139 151
140 141
140 142
140 143
141 142
141 143
141 146
142 143
142 144
143 144
144 145
144 150
145 174
145 146
146 147
146 148
146 149
147 148
147 150
148 150
148 182
149 150
149 151
149 152
150 151
151 154
152 153
152 154
152 155
153 154
153 155
153 156
154 156
154 157
155 156
155 157
156 178
156 157
157 158
157 159
157 160
158 161
158 162
158 197
158 159
159 162
159 160
160 161
160 162
160 199
161 162
161 163
161 164
162 164
162 165
163 164
163 165
163 166
163 178
164 166
164 167
164 200
165 166
166 168
166 169
167 168
167 170
168 171
169 171
169 172
170 171
170 173
171 172
171 173
171 174
172 174
172 175
172 190
174 175
174 176
175 176
175 178
176 177
176 179
177 179
177 180
177 185
179 180
179 182
180 183
181 196
181 183
182 183
182 184
182 185
183 184
183 185
183 186
184 186
184 187
185 186
186 187
186 188
186 189
187 188
187 189
187 190
188 200
188 190
188 191
189 191
190 193
190 194
190 192
191 193
191 194
191 192
192 193
192 195
192 197
193 194
193 195
193 196
194 195
194 196
195 196
195 197
195 198
196 198
196 199
198 199
198 200
199 200
