800 2400
1 2
1 4
1 788
1 800
2 3
2 5
2 280
2 768
2 799
3 5
3 6
3 261
3 800
4 5
4 6
4 7
5 6
5 7
5 8
5 666
6 7
6 232
6 238
6 671
6 131
7 8
7 9
7 10
8 10
8 11
8 751
9 11
9 12
9 63
10 365
10 13
10 58
11 12
11 13
11 633
11 224
12 13
12 559
12 464
13 580
13 14
13 16
14 674
14 772
14 109
14 15
14 269
14 286
15 16
15 17
15 18
15 181
16 17
16 18
16 19
16 87
17 18
17 19
17 95
18 19
18 20
18 21
19 20
19 21
19 22
20 147
20 368
20 22
21 741
21 73
21 330
21 543
22 755
22 23
22 24
23 24
23 25
23 735
24 646
24 208
24 25
24 27
25 613
25 26
25 28
26 108
26 27
26 28
27 549
27 446
27 657
27 29
27 30
28 643
28 547
28 158
28 30
28 31
29 707
29 30
29 31
29 32
30 33
30 341
30 663
30 32
31 34
31 750
31 32
32 34
32 35
32 86
33 34
33 299
33 639
34 35
34 37
34 447
34 763
35 36
35 773
35 173
35 51
35 410
36 37
36 38
36 781
37 38
37 39
37 40
37 295
37 499
38 737
38 40
38 41
38 427
38 208
38 563
39 40
39 42
39 693
39 253
40 387
40 41
40 42
40 43
40 431
41 492
41 42
41 43
41 44
41 219
42 43
42 44
42 45
42 500
43 740
43 44
43 46
43 520
43 681
43 658
44 247
44 46
44 47
44 87
45 519
45 46
45 47
45 48
45 330
46 419
46 47
46 49
46 376
47 780
47 359
47 50
47 86
48 49
48 50
48 51
48 475
49 50
49 51
49 52
49 535
49 221
49 767
50 84
50 51
50 52
50 251
51 385
51 706
51 299
51 54
52 53
52 54
52 55
53 238
53 335
53 54
53 55
53 56
54 578
54 56
54 57
55 681
55 57
55 700
56 614
56 57
56 58
57 58
57 59
57 60
58 613
58 60
58 61
59 456
59 60
59 61
60 713
60 633
60 62
61 62
61 63
61 64
62 774
62 155
62 763
62 63
62 64
63 65
63 66
63 676
63 454
63 64
64 65
64 67
64 707
64 252
65 66
65 68
65 679
65 110
65 472
66 68
66 69
66 272
66 439
67 68
67 69
67 70
67 551
68 69
68 70
68 71
69 70
69 71
69 72
70 71
70 73
70 89
71 72
71 73
71 74
71 534
72 73
72 74
72 75
73 74
73 75
74 615
74 75
74 552
74 77
75 78
75 624
75 541
76 78
76 79
76 366
77 481
77 78
77 79
77 80
78 456
78 79
78 80
78 81
79 677
79 80
79 81
79 82
80 549
80 82
80 83
81 137
81 82
81 83
81 84
82 211
82 83
82 85
82 791
83 234
83 600
83 568
83 84
83 152
83 602
84 86
84 87
84 409
84 222
85 651
85 86
85 87
85 88
86 679
86 790
86 88
87 89
87 90
88 584
88 696
88 89
88 90
88 91
89 800
89 741
89 294
89 90
89 92
90 91
90 92
90 93
91 92
91 93
91 448
92 194
92 398
92 691
92 93
92 95
93 94
93 95
93 96
94 97
94 787
94 95
94 96
95 97
95 98
95 354
95 180
95 96
96 97
96 98
96 99
97 98
97 99
97 100
97 337
97 255
98 99
98 100
98 101
98 536
99 100
99 101
99 102
99 310
100 101
100 396
100 349
101 102
101 104
101 439
102 449
102 104
102 105
103 689
103 106
103 785
103 183
104 105
104 106
104 107
105 106
105 107
105 108
105 747
105 223
106 108
106 496
106 728
107 108
107 109
107 110
108 110
108 111
108 366
109 110
109 112
109 151
109 414
110 111
110 113
110 395
111 739
111 196
111 112
111 113
112 114
112 115
112 664
113 489
113 114
113 116
114 115
114 116
114 117
115 116
115 117
115 118
115 288
116 117
116 119
116 410
117 118
117 119
117 120
117 443
117 763
118 579
118 200
118 119
118 121
119 289
119 549
119 120
119 121
119 122
120 196
120 121
120 122
121 122
121 123
121 124
122 552
122 536
122 124
122 125
123 124
123 125
123 126
124 125
124 126
124 127
125 185
125 126
125 128
126 129
126 578
126 127
126 128
127 129
127 130
127 128
128 131
128 706
128 155
129 673
129 130
129 131
129 132
130 131
130 133
130 255
131 132
131 180
132 386
132 135
132 489
133 516
133 134
133 135
133 136
134 135
134 136
134 137
134 175
134 701
135 136
135 137
135 138
135 215
136 137
136 138
136 142
136 262
137 139
137 718
138 162
138 139
138 140
138 174
139 140
139 141
139 142
140 141
140 142
140 143
141 142
141 143
141 144
142 225
142 144
142 145
142 660
143 239
143 144
143 146
143 473
144 206
144 146
144 597
144 569
145 146
145 147
145 148
146 450
146 147
146 148
147 519
147 459
147 148
147 149
147 150
148 149
148 150
148 151
148 634
149 776
149 152
149 192
150 642
150 397
150 530
150 151
150 510
151 153
151 154
152 249
152 155
153 469
153 156
153 319
154 411
154 156
154 157
155 612
155 549
155 557
155 373
155 438
156 157
156 158
156 159
157 333
157 158
157 159
157 160
158 739
158 159
159 161
159 162
159 160
160 161
160 163
160 538
161 162
161 163
161 164
161 603
162 163
162 356
162 165
163 164
163 165
163 207
163 209
163 564
163 709
164 165
164 166
164 299
164 436
165 166
165 167
165 414
166 609
166 167
166 168
166 169
166 554
166 702
167 168
167 169
167 715
168 514
168 169
168 170
168 171
169 777
169 171
169 172
170 171
170 699
170 543
171 172
171 173
171 377
172 173
172 175
172 727
173 174
173 176
173 271
173 235
174 583
174 175
174 500
174 379
175 177
175 178
175 798
176 529
176 177
176 178
176 475
176 721
177 363
177 178
177 179
177 180
178 642
178 206
178 180
178 181
179 180
179 181
179 182
180 485
180 695
180 363
180 181
180 765
181 580
181 457
181 184
182 407
182 183
182 184
182 185
183 482
183 184
183 186
184 786
184 185
184 186
184 187
185 526
185 186
185 187
185 188
186 393
186 221
186 299
186 368
187 588
187 344
187 336
187 188
187 189
187 190
188 353
188 619
188 190
188 191
189 263
189 552
189 659
189 345
189 190
189 191
189 192
190 193
190 191
190 192
191 194
191 335
191 278
191 192
192 194
192 669
192 301
192 255
192 316
193 194
193 196
193 337
193 371
194 196
194 197
195 196
195 197
195 198
196 197
196 199
196 416
197 198
197 199
197 200
198 199
198 200
198 201
199 200
199 201
199 436
200 323
200 201
200 799
200 358
201 268
201 202
201 203
201 204
202 203
202 204
202 205
203 204
203 205
203 206
204 388
204 488
204 205
204 207
205 206
205 207
205 208
205 286
206 227
206 207
206 209
207 369
207 455
207 209
208 776
208 211
209 364
209 211
209 212
210 211
210 213
210 408
211 431
211 212
211 213
211 214
212 564
212 213
212 510
213 454
213 268
213 214
214 740
214 773
214 685
214 215
214 216
215 216
215 217
216 392
216 217
216 219
216 598
217 715
217 219
217 220
218 219
218 220
218 221
219 220
219 221
220 330
220 221
220 222
220 223
221 222
221 223
222 225
222 233
222 223
223 226
223 444
223 319
224 676
224 677
224 593
224 787
225 226
225 489
226 769
226 227
226 228
226 229
227 229
227 230
227 572
228 229
228 230
228 231
228 629
229 231
229 232
229 554
229 288
230 231
230 232
230 653
231 232
231 233
231 234
231 661
232 233
232 235
232 350
233 234
233 235
233 456
234 236
234 237
234 792
235 653
235 236
235 237
235 238
236 237
236 238
236 239
237 238
237 239
237 477
238 609
238 239
239 268
239 240
239 241
240 242
240 243
240 570
241 269
241 243
241 244
241 407
242 243
242 244
242 245
243 244
243 246
243 411
244 246
244 247
244 376
244 768
245 792
245 246
245 247
245 248
246 505
246 247
246 248
246 249
247 248
247 249
248 580
248 367
248 250
248 251
249 339
249 251
249 252
249 635
250 251
250 252
250 253
250 384
251 252
251 253
252 625
252 446
253 433
253 254
253 411
254 257
254 708
254 746
254 334
254 725
254 478
254 255
255 257
255 256
256 257
256 258
256 259
256 441
257 258
257 259
257 260
258 259
258 260
258 272
259 261
259 262
259 743
260 579
260 261
260 263
261 262
261 263
261 264
261 664
261 380
262 264
262 644
262 440
262 797
263 264
263 596
263 724
264 265
264 438
264 795
264 637
265 267
265 268
265 518
266 267
266 268
266 269
267 268
267 269
267 270
267 718
267 501
268 270
268 271
269 272
269 432
270 271
270 272
270 273
271 323
271 273
271 759
272 274
272 605
272 734
273 452
273 427
273 787
273 399
274 275
274 276
274 758
274 543
275 644
275 276
275 277
275 278
276 561
276 300
276 277
277 278
277 279
277 280
278 279
278 280
278 281
279 280
279 281
279 282
280 281
280 283
281 522
281 282
281 284
282 283
282 284
282 285
283 362
283 285
283 286
284 746
284 662
284 286
284 287
285 649
285 286
285 288
286 628
286 607
286 288
287 289
287 290
287 288
288 290
288 291
288 301
289 291
289 292
290 291
290 292
290 293
291 292
291 293
291 294
292 294
292 295
292 329
293 705
293 295
293 296
293 419
293 631
294 296
294 297
295 297
295 470
295 508
296 452
296 297
296 299
296 676
297 707
297 298
297 299
297 300
297 689
298 299
298 300
298 301
299 546
299 301
299 506
300 301
300 302
300 317
301 397
301 302
302 303
302 304
302 468
303 546
303 565
303 795
303 667
304 593
304 709
304 651
304 305
304 306
305 306
305 307
305 308
306 307
306 308
306 309
307 337
307 418
307 749
307 308
307 310
308 309
308 310
308 311
309 455
309 716
309 310
309 311
309 312
309 345
309 570
310 621
310 311
310 313
311 577
311 313
311 314
312 677
312 314
312 315
313 786
313 314
313 315
313 316
314 315
314 316
314 317
315 733
315 317
315 318
316 680
316 317
317 572
317 319
317 320
318 321
318 376
318 320
319 321
319 320
320 321
320 456
320 434
321 322
321 778
321 576
322 324
322 325
322 500
322 645
323 326
323 509
324 325
324 326
324 327
325 326
325 327
325 328
326 327
326 329
326 651
326 632
327 328
327 329
327 330
328 329
328 330
328 331
329 330
329 523
329 332
330 332
330 648
331 332
331 333
331 334
332 333
332 334
332 335
333 335
333 336
334 335
334 337
334 661
335 336
336 338
336 339
337 646
337 525
337 338
338 339
338 340
338 629
338 592
338 704
339 520
339 588
339 685
339 341
339 344
340 341
340 342
340 792
341 616
341 342
342 343
342 344
342 345
343 774
343 405
343 344
343 345
344 487
344 346
345 624
345 596
346 781
346 348
346 349
347 695
347 348
347 349
347 350
348 425
348 349
348 350
348 351
349 350
349 351
349 352
350 367
350 571
350 575
351 353
351 721
351 352
352 354
352 355
352 540
353 355
353 356
354 356
354 357
355 356
355 357
355 358
355 422
355 724
355 602
356 357
356 358
356 359
357 359
357 360
357 522
358 417
358 359
358 360
358 361
359 360
359 361
359 362
360 361
360 362
360 363
360 536
361 362
361 363
361 364
362 363
362 364
362 365
363 364
363 365
364 365
364 366
364 507
364 735
365 366
365 367
365 368
366 367
366 368
366 369
367 368
367 369
367 370
367 704
368 779
368 370
368 371
369 371
369 372
370 371
370 372
370 373
371 372
371 373
372 373
372 374
372 375
373 417
373 376
373 671
374 376
374 377
374 703
375 376
375 377
375 378
376 549
376 458
376 691
376 377
376 378
377 378
377 379
377 380
378 379
378 380
378 381
379 472
379 380
379 381
380 788
380 381
380 383
381 399
381 656
381 382
381 384
382 385
382 577
382 521
382 510
382 383
382 384
383 385
383 386
383 525
383 464
384 385
384 386
385 387
385 477
386 387
386 388
386 389
386 638
387 390
387 763
387 573
388 389
388 663
388 671
389 390
389 392
389 792
390 609
390 391
390 393
390 704
391 393
391 394
391 438
391 426
391 797
392 393
392 394
392 395
393 394
393 396
394 395
394 396
394 397
395 396
395 397
395 398
395 535
396 397
396 398
396 543
397 400
398 738
398 399
398 401
399 401
399 402
399 796
400 401
400 402
400 403
401 402
401 403
401 404
402 403
402 404
402 405
403 404
403 405
403 406
404 406
404 407
404 505
405 780
405 406
405 407
406 407
406 408
406 409
407 408
407 409
408 409
408 410
408 411
408 694
409 548
409 658
409 410
409 412
410 773
410 412
411 490
411 496
411 754
411 412
412 413
412 414
412 415
413 712
413 504
413 414
413 415
413 416
414 417
414 415
415 417
415 418
415 416
416 417
416 418
416 419
417 418
417 419
418 421
418 422
419 420
419 422
419 437
420 421
420 422
420 423
420 521
421 422
421 423
421 424
421 469
422 424
422 425
422 496
423 424
423 425
423 458
423 605
424 425
424 426
424 427
425 426
425 427
426 613
426 429
426 751
427 428
427 429
428 430
428 431
428 475
429 430
429 431
429 432
430 432
430 433
430 800
431 434
432 434
432 435
432 565
433 453
433 435
433 726
434 435
434 436
434 437
435 718
435 468
435 436
436 437
436 438
437 774
437 440
438 439
438 441
439 440
439 441
439 442
440 643
440 442
440 443
441 653
441 442
442 443
442 444
442 445
443 676
443 497
443 444
444 697
444 446
444 447
445 589
445 446
445 448
446 449
446 542
446 447
447 449
447 450
447 448
448 449
448 451
448 592
449 450
449 451
449 452
449 515
449 506
450 546
450 451
450 453
450 745
450 478
451 452
451 453
451 454
452 455
452 604
453 454
453 455
453 456
454 456
454 457
454 560
455 456
455 458
456 459
457 458
457 459
457 460
457 539
458 459
458 460
459 460
459 462
460 461
460 462
460 463
461 462
461 463
461 727
462 464
462 465
462 467
463 464
463 465
463 466
464 575
464 730
465 616
465 466
465 467
465 532
466 516
466 467
466 468
466 469
467 468
467 469
467 470
467 661
468 469
468 470
468 471
469 470
469 472
470 471
470 473
471 753
471 472
471 473
471 474
472 474
472 475
473 475
473 476
474 475
474 476
474 477
475 476
476 571
476 478
476 479
477 478
477 479
477 480
478 480
479 481
479 482
479 480
480 481
480 482
480 483
481 705
481 483
482 483
482 519
482 754
482 766
483 486
483 694
483 601
483 796
484 485
484 486
484 487
485 486
485 488
486 487
486 488
486 489
486 623
487 488
487 621
487 591
488 489
488 490
488 491
489 609
489 674
489 490
489 492
490 491
490 493
490 632
491 492
491 494
491 750
492 552
492 493
493 494
493 496
493 633
494 495
494 496
494 497
495 737
495 496
495 498
496 497
496 498
497 518
497 500
498 499
498 500
498 501
498 790
499 500
499 501
500 503
501 750
501 534
501 732
502 746
502 620
502 504
502 505
503 694
503 505
503 506
504 645
504 506
505 615
505 506
505 508
506 507
506 508
507 591
507 508
507 510
508 595
508 694
508 510
508 511
509 531
509 511
509 512
510 703
510 512
511 514
511 682
511 512
512 513
512 515
512 556
512 530
513 515
513 516
513 709
514 516
514 624
515 517
515 518
516 598
517 518
517 519
517 756
518 519
518 520
518 521
518 575
519 520
520 521
520 523
521 523
522 646
522 523
522 524
522 525
523 524
523 525
523 526
523 604
524 525
524 526
524 527
525 526
525 528
526 528
526 764
526 800
527 528
527 529
527 757
527 537
528 529
528 530
528 531
528 542
529 531
529 607
530 531
530 532
530 533
531 619
531 532
531 534
532 533
532 534
532 535
532 699
533 534
533 535
533 536
534 535
534 537
534 540
535 536
536 592
537 538
537 539
537 540
538 539
538 540
538 541
539 675
539 756
539 541
540 624
540 542
541 542
541 543
541 544
542 543
543 546
543 559
543 544
544 545
544 546
544 547
545 546
545 547
545 548
545 743
546 547
547 549
547 713
547 762
548 550
548 551
548 723
549 552
550 615
550 551
550 552
550 553
551 552
551 553
552 554
552 555
553 554
553 555
553 556
554 556
555 556
555 558
555 794
556 557
556 558
557 646
557 558
557 560
558 559
558 560
558 561
559 560
559 561
559 562
560 561
560 562
560 710
561 562
561 563
561 564
562 563
562 623
562 727
562 794
562 795
563 739
563 564
564 565
564 567
565 754
565 566
566 567
566 568
566 569
567 712
567 568
567 569
568 696
568 569
568 570
569 570
569 571
569 572
570 770
570 571
570 572
570 731
571 572
571 573
572 573
572 575
573 635
573 575
573 576
574 577
574 575
574 576
575 577
575 578
576 577
576 579
576 693
577 578
577 579
578 581
578 603
579 580
579 581
579 582
580 582
581 582
581 583
581 584
581 652
582 583
582 584
582 585
583 585
583 789
584 585
584 587
585 586
585 587
585 734
586 770
586 587
586 588
587 588
587 589
587 590
588 590
589 590
589 591
589 592
590 643
590 592
590 593
590 695
591 592
591 593
591 594
592 594
592 595
592 694
593 595
593 596
594 595
594 596
594 597
595 596
595 597
595 598
596 597
596 598
596 599
597 598
597 599
598 600
598 601
599 600
599 601
599 602
600 601
600 603
601 602
601 603
601 604
602 604
602 605
603 604
603 606
604 607
605 607
606 609
606 659
606 763
606 607
607 609
607 608
608 609
608 610
608 611
609 610
610 611
610 613
610 632
611 612
611 613
611 614
612 614
612 615
613 615
613 616
614 615
614 617
614 687
615 672
616 617
616 619
617 618
617 619
617 620
617 779
618 619
618 620
618 621
619 621
619 622
620 621
620 622
621 624
622 711
622 624
622 625
623 625
623 789
624 626
624 627
625 626
625 627
625 628
626 627
626 628
626 629
627 628
627 629
627 630
628 755
628 629
628 630
628 631
629 630
630 681
630 631
630 632
630 633
631 747
631 634
632 633
632 634
633 784
633 634
633 636
634 723
634 636
635 638
636 678
636 637
636 638
637 738
637 790
637 638
637 640
638 641
638 640
639 641
639 642
639 640
640 641
640 642
640 643
640 688
641 642
641 644
641 688
642 645
642 713
643 646
643 690
644 645
644 646
644 752
645 647
645 648
646 649
647 648
647 649
647 650
648 649
648 651
649 650
649 651
649 652
650 651
650 652
650 653
651 653
652 654
652 655
653 654
653 656
653 697
654 655
654 656
654 657
655 657
655 658
655 766
656 657
656 658
657 658
657 659
657 660
658 659
659 662
660 662
660 663
661 664
662 664
662 665
663 786
663 665
664 772
664 666
665 666
665 667
665 668
666 667
666 668
667 668
667 669
667 670
668 669
668 670
668 671
669 741
669 670
669 671
669 672
670 673
670 758
670 671
670 672
671 674
671 772
671 672
672 673
672 675
673 675
673 676
674 675
674 676
675 676
675 677
675 678
676 677
676 678
677 680
678 679
678 680
678 681
678 767
679 680
679 682
680 772
680 681
680 683
681 682
681 683
682 683
682 684
682 781
683 684
683 685
683 786
683 695
684 685
684 686
684 687
685 687
685 688
686 687
686 688
686 689
687 688
687 689
687 690
688 781
688 690
689 692
690 691
690 692
690 693
691 692
692 693
692 694
692 695
692 733
693 694
693 695
693 696
695 698
696 698
696 699
697 699
697 700
698 699
698 700
698 701
699 700
699 702
700 701
700 702
700 703
701 726
701 703
702 703
702 704
703 705
703 706
703 704
705 706
705 707
705 785
706 707
706 708
706 709
707 710
708 709
708 710
709 710
709 711
710 711
710 712
711 712
711 713
711 714
712 713
712 715
713 714
713 716
714 715
714 716
714 717
715 716
715 717
715 718
716 718
716 719
717 718
717 719
717 720
718 719
718 720
719 777
719 720
719 721
719 722
720 721
720 722
720 723
721 722
721 723
721 724
722 723
722 724
722 725
723 724
723 725
723 726
724 725
725 727
725 728
726 727
726 728
727 728
727 729
728 729
728 730
728 731
729 730
729 731
729 732
730 746
730 731
730 732
730 733
731 733
731 734
732 734
732 735
733 738
733 736
734 737
734 735
734 736
735 738
735 736
736 737
736 738
736 739
737 739
737 740
738 739
738 741
739 740
739 742
740 742
740 743
741 742
741 744
742 743
742 744
742 745
743 744
743 746
744 745
744 746
744 747
745 746
745 747
745 748
746 747
747 748
747 749
748 749
748 750
748 751
749 750
749 751
749 756
750 751
750 752
750 753
751 752
751 785
751 754
752 754
752 755
752 788
753 754
753 755
754 755
755 756
755 758
756 758
756 759
757 758
757 760
758 760
759 760
759 761
759 762
760 789
760 761
760 762
761 762
761 764
761 790
762 763
762 764
762 765
764 765
764 766
765 782
765 766
765 767
766 769
766 767
766 768
767 768
768 770
768 771
769 770
769 772
770 771
770 773
771 772
771 773
771 774
772 773
772 775
773 774
773 776
774 775
774 776
774 777
775 776
775 777
775 778
776 777
776 778
776 779
777 779
777 780
778 779
778 780
778 781
779 780
779 781
780 782
780 783
781 782
781 783
781 784
782 784
782 785
783 784
783 785
783 786
784 786
784 787
785 786
785 787
787 788
787 789
788 791
789 790
789 791
789 792
790 792
791 792
791 793
792 795
793 794
793 795
793 796
794 796
794 797
795 796
796 797
796 799
797 800
798 799
798 800
799 800
